         373           3         646           2          98
       242         1       109         0       406        23         1
       118       238        96       340       455       110         1
       197       120       237        31       190         7         1
       116       243       105       408       412       407         1
       187       244       197         7         8       409         1
        61       236       128       594       230       246         1
       197       244       120        22         3         5         1
       197       245       187        10         5       411         1
       107       237       209        29        99       190         1
       245       105       187         0         8       412         1
       113       201        98        14       146       198         1
        47       336       337       576       351       354         1
        55       186       235       578       375       536         1
        98       201       117        45       420        11         1
       246        93       110         0       414        48         1
       247        95       110       414       416        36         1
       111         9        89         0        96       415         1
       349       111        90        47       601       415         1
        55       234       185        97       350       375         1
       113       202        14       410         0       146         1
       127       236        70        95       439       197         1
       244       202       120       425         7       410         1
         1       242       115       405         0         1         1
       109       243       108       407       406       408         1
       108       210       114       188        26        27         1
       115       108       114        25        32       405         1
       108       116       210       185        25       407         1
       245       107       116       185       412       411         1
       209       237        99       428       183         9         1
       136       210       107       185        99       100         1
       120       253       237       428         3        46         1
       115       114       101       104         0        26         1
       248        95       251        41       423       413         1
       180       249        94       422       119       419         1
       349       119       247        36       602       601         1
        95       247       119        35        41        16         1
       250       117       248       418       417        38         1
       249       117       250        37       422       420         1
       251        88       238       399       110       424         1
       203       119        90       601        42       125         1
       119       251        95        33        36       424         1
        90       135       203       130        40        43         1
       135        90       112        47        80        42         1
       253       252       180       419       427        46         1
       246       117       201        14        48       418         1
       253       120       252       425        44        31         1
        90       111       112        96        43        18         1
       246       201        93       198        15        45         1
       254        79       179       432       430         0         1
        41       233       232        51       352        69         1
         8       232       233        50       372        57         1
       123       257       255       434         0        54         1
        79       124       256       431       432       429         1
       266       257       123        52       449        93         1
        65       121       258       436         0       437         1
       179       256        86       431        71       432         1
       232         8       178         0       367        51         1
       254       112        89        96         0       430         1
        74        66       126        62        63         0         1
       240       231        16       370       402       339         1
       178       231        27       397       367       370         1
        66       278       126       471        59       472         1
       126       181        74        64        59       140         1
        74       181       125        86        68        63         1
       359        67       130       440       621         0         1
       125        80       259       435        84        81         1
        67         6       127       396        70         0         1
        74       125       260       438         0        64         1
       233        41       185       400       368        50         1
        67       127       261       439       440        67         1
        86       262       179        74        56       441         1
        81       129       124        73       433        78         1
       124       129        86       443       431        72         1
       262       112       179       430        71       442         1
        82       264       129       443       144       604         1
       262       263       275       444       466       441         1
       204        81       122        79       642        78         1
       204       129        81        72        77       144         1
        81       121       122        92        77       450         1
       112        85       135        94        43       442         1
       205        80       125        66        86       135         1
       277       278       130       621       470       469         1
        75       206       126       140       471       137         1
       125       259        65       437       438        66         1
        76       265       215       448       154       394         1
       181       205       125        81        64       142         1
       206       132        72       166        89       137         1
       276       277        68       159       646       467         1
       181       206        72        87       142       140         1
        70       134       207       196        91       192         1
        70       207       261       173       439        90         1
       121       265       122       394        79       447         1
       266        81       257       433        54       450         1
       135        85       143       465       152        80         1
       208        70       236        21       246       192         1
        89       112       111        47        17        58         1
       175       185       234        19       373       368         1
       205        72       131       380       135       142         1
       107       209       136       101        30         9         1
       106       210       136        30       105       188         1
       209       103       136       106        99       620         1
       267       268       106       453       103       454         1
       137       267       106       102       105       617         1
       101       114       268       453       452        32         1
       136       137       106       103       100       106         1
       136       103       137       460       105       101         1
       360       188       272       123       126       622         1
       252       202        98       146       426       425         1
       250       269        94       115       422       421         1
       238       118       251       423        39         2         1
        91       346       203       117       130       595         1
       238       139       213       333       340       399         1
       140       102       182       398       131       624         1
       182       211        94       119       115       398         1
       182        94       269       109       456       114         1
       188        99       270       458       129       622         1
       346        88       203       125       111       596         1
       270       180       211       119       323       427         1
        94       211       180       118        34       114         1
        96       212       182       131       456       326         1
       267       358       138       606       454       618         1
       351       358       357       618       616       619         1
       188        97       272       124       107       127         1
        97       271       272       461       123         0         1
       119       203        88       117       424        40         1
       272       103       360       620       107       460         1
       361        97       188       123       623         0         1
       371       122        76       394       147       642         1
       362       188       270       116       457       623         1
        91       203       135        42       152       111         1
       182       212       140       342       113       120         1
       362       140       100       134       625       624         1
       141        13       212       342       136         0         1
       140        13       100         0       132       342         1
        80       205       131        98       195        81         1
       213       141       212       133       326       143         1
       132       206        75        83       167        87         1
       214        83       274       338       463       141         1
       139       346       274       595       464       596         1
       126       206       181        89        63        83         1
       214       183        83         0       138       194         1
        72       205       181        86        89        98         1
       213        92       141         0       136       333         1
        82       129       204        78       153        75         1
       143       219       214       194       335       386         1
       113        98       202       108        20        11         1
       371        76       280       475       171       128         1
        87       143       275       465       444       386         1
       215        77       146       179       154       376         1
       142       283       350       178       445       477         1
        87       283       219       480       386       178         1
        91       135       143        94       335       130         1
       371        82       204       144       642       641         1
       215       146        76       475        85       149         1
       217        77       131       376       380       390         1
       263       264       350       604       603       446         1
       144       285       373       184       160       483         1
       217       132       133       161       390       166         1
       277       207        68       196        88       470         1
       373       216       144       163       157       468         1
       133       132        73       645       191       158         1
        69       363       216       163       374       626         1
       216       363       144       186       160       162         1
       133       200       352       605       481       191         1
       347       134       208       192       598       597         1
       217        72       132        87       158       380         1
        75       276       132       168       137       467         1
       373       132       276       167       646       645         1
        10       142       279       473       175       478         1
        82       189       279       474       473       641         1
       371       280       189       172       641       147         1
       189       280        78       476       629       171         1
       261       207       130       470       440        91         1
        84       283       281       477         0       480         1
        10       279       364       474         0       169         1
        61       145       347       344       598       552         1
       146       282        78         0       476       479         1
       283        87       350       603       150       151         1
        77       284       146       479       149       607         1
        71       284       352       607       605       482         1
       200        73       199       187       182       191         1
        71       200       199       181         0       605         1
       209        99       360       622       620        29         1
       373       285        73       187       645       157         1
       107       210       116        27        28        30         1
       144       363        54       627       483       163         1
       285       199        73       181       184       484         1
       210       106       114       453        25       100         1
       218       147       363       627       626       381         1
       237       107       197       411         3         9         1
       200       133        73       161       181       164         1
       134        70       208        95       165        90         1
       145        64       218       381       344       554         1
       219       183       214       141       145       383         1
       131       215        80       448       135       376         1
        68       207       134        90       371       159         1
       345       236       127        21       396       594         1
       113        93       201        48        11         0         1
       286         6       190         0       486       593         1
       228        49       229         0       600       219         1
       230       184        19       276       345       343         1
        62       190       287       488       224       486         1
        37        15       148       496       491         0         1
         2       162       348       599       263         0         1
       293       292       149       231       498       232         1
       288       289       290       489       208       492         1
        53       227       228       262       280       279         1
        58       288       290       206       229       490         1
        32        31       303         0       517       511         1
        48       227       164       279       292       286         1
       224       226       156       245       249       255         1
        23        26       150       214       514         0         1
       298        26         7         0       507       506         1
        26       151       150       395       212       506         1
       156       296        29         0       294       504         1
        24       302       150       514       243       515         1
        28       226       184       276       630       245         1
       294       292        15       496         0       231         1
       228       159        49       260       200       262         1
       297         7       296         0       504       507         1
       167       299        62       485       226       508         1
       128       345       286       593       509       594         1
       152       287       288       487       490       224         1
        62       287       152       223       226       202         1
        57       167       152       226       363       297         1
       152       167        62       221       224       225         1
       220       152        58       490       228       363         1
       153       220        58       227       494       391         1
       291        58       290       208       495       494         1
       299        61       128         6       509       550         1
       292       294       149       501       205       218         1
       293       148       292       496       205       499         1
       300        32       302       517       515       518         1
       295        25       149       244       501       497         1
        36       321       153       303       242       298         1
        36       293       154       520       298       499         1
       301       300        24       515       512       310         1
       221       151       222       293       307       395         1
       304       168       332       567       317       510         1
       151       365        18       309       293       628         1
       297        28       298       505       507       503         1
       291        36       153       235       494       493         1
        24       150       221       395       307       216         1
       149        25       305       519       498       234         1
       156       226        28       217       503       211         1
       208       236        61         6       598        95         1
       306        17       309       525       256         0         1
        39       225       174       275       258       274         1
       156       155       224       278       211       294         1
        17        30       157       534       525         0         1
       161       314        30       534       523       254         1
       307        12       308       253       524         0         1
       308        12       312         0       531       252         1
       161        40       314       269       251       608         1
       226       224        19       267       276       211         1
       306       309       155       272       522       247         1
        44       311       310       529         0       261         1
        39       174       223       273       270       248         1
       222       369       301       638       512       265         1
        44        49       159       219       261         0         1
        44       159       311       527       257       260         1
       159       228       227       207       286       219         1
         2       348       229       600         0       204         1
       311        48       160       537       529       527         1
       369       222        18       293       313       259         1
        45       313       312       532         0       268         1
       224       174        19       296       255       273         1
       313        45       310         0       528       266         1
       165       314        40       254       277       533         1
       309        39       223       258       272       526         1
       314        39       157       526       534       533         1
       309       223       155       278       256       270         1
       224       223       174       258       267       278         1
        39       165       225       401       248       533         1
        41       174       225       248       349       346         1
       184       226        19       255       201       217         1
       165        40       315       535       365       269         1
       224       155       223       272       273       249         1
       164       227        53       207       281       210         1
       348        53       228       207       600       289         1
        53       339       164       579       279       581         1
       316        43       313       287       530       538         1
       318       317       191       393       542       541         1
       318       158       313       532       287       521         1
       316        48       163       359       538       537         1
       159       227        48       210       527       262         1
        43       318       313       284       282       541         1
       315       319       186       347       536       535         1
       348       367        53       581       280       599         1
       161       308       353       609       608       524         1
       191       319       353       543       542       544         1
        48       164       340       584       359       210         1
       222       151        18       240       265       238         1
       155       156        29       215       522       249         1
       239       165        55       365       350       401         1
       176        19       174       267       346       345         1
        57       320       167       300       225       545         1
       154       321        36       235       236       547         1
       328       220        59       391       559       301         1
       320       322       167       508       297       546         1
       328        57       220       363       299       560         1
       166        63       320       546       545       320         1
       153       321        59       548       391       235         1
       172       321        34       547       329       548         1
       154       305       329       519       316       520         1
       323        61       322       550       549       552         1
       222        24       221       243       238       512         1
       173       366       184       630       343       631         1
        18       365       366       632       636       240         1
       168       300       301       237       312       510         1
       330       331        33       337       564       563         1
       330       168       301       310       513       567         1
       369        18       368       636       635       265         1
       240       368       173       631       339       403         1
       230       231       173       339       343       397         1
       154       329        34       571       547       305         1
       304       332        25       561       497       239         1
       169       335        33       562       337       331         1
       327       323       324       551       557       555         1
        63       166       355       613       612       302         1
       170        60       356       614       615       325         1
       328       356       166       614       560       615         1
       211       102       270       457       118       398         1
       355        56       324       558       612       556         1
         5        60       170       321       327         0         1
       212        96       213       340       136       120         1
       170       172         5       332       325       341         1
        64       327       326       557         0       554         1
       172        34       333       569       332       304         1
        21       370       331       640       563       565         1
       169        22       335       573       318         0         1
       333         5       172       327       329       570         1
       139        92       213       143       112       462         1
       333       334       171       572       570       569         1
        91       143       214       145       463       152         1
        11       370       241       639         0       640         1
       169        33       331       311       566       318         1
        83       273       274       464       138         0         1
       231       240       173       314       315        60         1
       238       213        96       326         2       112         1
       172       170        59       559       548       327         1
       140       212        13       133       134       131         1
       173       184       230       201       315       308         1
       347       145       218       193       388       176         1
        19       176       230       392       201       296         1
        41       176       174       296       275       352         1
       319        47       186       351       288       544         1
       234       235        42       377       373       375         1
       225       239        41       400       275       401         1
        55       185       239       400       295        19         1
        47       337       186       578       347        12         1
       176        41       232        50       369       346         1
       317       195        47       354       393       364         1
        47       195       336       575        12       353         1
       194       340        52       584       586       358         1
       338       339       367       581       634       582         1
       198        52       338       582       361       360         1
       194        51       340       583       355       587         1
       163        48       340       292       583       285         1
       198       341        52       586       357       644         1
       198       338       192       580       592       357         1
       195        51       342       366       379       610         1
       152       220        57       301       225       227         1
       195       317       354       611       610       353         1
       165       315        55       536       295       277         1
       343       342        51       362       587       589         1
        27       232       178        57        61       369         1
       175       233       185        69        97       372         1
       176       232        27       367       392       352         1
       178        16       231        60        61         0         1
        68       134       216       374       468       196         1
         8       233       175       368         0        51         1
        42       175       234        97       348         0         1
        69       216       134       371       597       162         1
       234        55       235        13       348        19         1
       131        77       215       149       195       155         1
       235       337        42       577       348       578         1
        38       177       336       576       575         0         1
       342        38       195       575       362       588         1
       131        72       217       166       155        98         1
        64       147       218       189       193         0         1
       196       343        46       590         0       589         1
        84       183       219       194       480         0         1
         3       193       344       591       387         0         1
       372       193        46         0       643       585         1
        87       219       143       145       148       151         1
       192         3       344       384       592         0         1
       218        69       347       597       344       626         1
       372       194       341       586       644       643         1
        77       217       133       158       481       155         1
        59       220       153       228       303       299         1
        27       230       176       345       369       397         1
       191       317        47       353       544       283         1
        76       122       265        92        85       128         1
       150       151       221       238       243       214         1
       127         6       345       593       197        67         1
       231       230        27       392        61       315         1
       182       102       211       323       114       113         1
       139       238        88        39       596       112         1
        41       239       185       350        69       349         1
       165       239       225       349       274       295         1
       241       240        16        60         0       404         1
       240        20       368       635       314       404         1
       240       241        20       639       403       402         1
       108       115       242        23       406        26         1
       109       108       242       405         1        24         1
       108       243       116         4        27        24         1
       109       105       243         4        24         0         1
       187        14       244       410         5         0         1
       244        14       202        20        22       409         1
       107       245       197         8       190        28         1
       116       105       245        10        28         4         1
       248       246        95       414        33       418         1
       110        95       246       413        15        16         1
       349         9       111        17        18       602         1
       110         9       247       602        16         0         1
       250       248       118       423       421        37         1
       246       248       117        37        45       413         1
       252       249       180        34        44       426         1
       117       249        98       426        14        38         1
       269       250       118       417       455       109         1
       249       250        94       109        34        38         1
       251       118       248       417        33       110         1
       119        88       251        39        41       125         1
       202       252       120        46        22       108         1
       249       252        98       108       420       419         1
       270       253       180        44       118       458         1
       237       253        99       458        29        31         1
       124        79       255         0       434        53         1
       112       254       179        49        74        58         1
        86       256       124        53        73        56         1
       179        79       256        53        56        49         1
        81       124       257       434        93        72         1
       255       257       124       433       429        52         1
       265       259        80        66       448       447         1
       266       258       121        55       450       449         1
       121        65       259        84       447        55         1
       125        65       260         0        68        84         1
        70       261       127        70        21        91         1
       130        67       261        70       173        65         1
       263       262        86        71       446        76         1
       112       262        85       466        80        74         1
        86       129       264        75       446        73         1
       263        87       275       148        76       603         1
        82       142       350       150       604       473         1
        86       264       263       156       441       443         1
       259       265       121        92       437       435         1
       215       265        80       435       195        85         1
       258       266       123        54         0       436         1
       121        81       266        93       436        79         1
       357       137       104       459       616       617         1
       268       138       101         0       104       454         1
       106       268       114       104       188       102         1
       138       268       267       102       121       452         1
       118        96       269       456       421         2         1
       182       269        96       455       120       115         1
       270       102       362       624       129       323         1
       253       270        99       116       428       427         1
       271       104       137       451       461         0         1
       272       137       103       106       126       461         1
       137       272       271       124       459       460         1
        92       139       273       464         0       333         1
       274        91       214       335       138       595         1
       139       274       273       338       462       139         1
       143        85       275       466       148        94         1
       275        85       262       442        76       465         1
       277       276        75       167       469        88         1
        68       216       373       160       646       371         1
       278       277        75       467       471        82         1
       277       130       207       173       159        82         1
       126       278        75       469        83        62         1
       278        66       359         0       621        62         1
        82       279       142       169       445       170         1
       364       279       189       170       629       175         1
        76       146       280       476       147       154         1
        78       280       146       475       177       172         1
       281       283       142       150       478       174         1
       142        10       281         0       477       169         1
       284       282       146       177       179       482         1
       219       283        84       174       383       151         1
        77       133       352       164       607       390         1
       282       284        71       180         0       479         1
       144        54       285       484       157       186         1
        54       199       285       187       483         0         1
       299       286        62       486       221       509         1
       190        62       286       485       199       202         1
       288       287        35       488       492       223         1
       190        35       287       487       202         0         1
       289        37       290       491       206         0         1
       152       288        58       208       227       223         1
        37       148       290       495       489       203         1
       288        35       289         0       206       487         1
       291       148        36       499       242       495         1
        58       291       153       242       228       229         1
       148       291       290       229       491       493         1
       148        15       292       218       232       203         1
       295       304        25       317       234       502         1
       293       149       305       244       520       205         1
       148       293        36       236       493       232         1
        31       295       294       501         0       511         1
       294       295       149       234       231       500         1
       295        32       304       518       497       511         1
       156        28       297       241       504       245         1
       297       296       156       215       503       220         1
        28       365       298       628       241       632         1
        26       298       151       628       214       213         1
         7       297       298       241       213       220         1
       299       167       322       300       550       221         1
       286       299       128       230       222       485         1
       304       300       168       310       239       518         1
        32       295        31       500       209       502         1
       222       301        24       237       307       259         1
       301        21       330       563       312       638         1
       150       302        23       516       212       216         1
        24       300       302       233       216       237         1
       303        23       302       514       517         0         1
        32       303       302       516       233       209         1
       300       304        32       502       233       510         1
       329       305        25       244       561       305         1
       293       305       154       305       236       498         1
       158       318       353       542       609       284         1
       155        29       306         0       256       294         1
       161        30       307         0       524       251         1
       307       308       161       290       523       252         1
        17       157       309       526       247       250         1
        39       309       157       525       271       270         1
        48       311       159       261       286       264         1
       313       310       160       529       530       268         1
       310       311       160       264       528       257         1
       313       160       316       537       282       528         1
       308       312       158       532       609       253         1
       312       313       158       284       531       266         1
        39       314       165       269       274       271         1
        30       314       157       271       250       251         1
       319       315        40       277       543       288         1
        55       315       186       288        13       365         1
        48       316       160       530       264       285         1
       163        43       316       282       285       539         1
       163       354        43       611       538       540         1
       354       163        51       583       610       539         1
       317       318        43       287       611       283         1
       318       191       353       291       521       283         1
       353       319        40       535       608       291         1
        47       319       191       291       393       347         1
       166       320        57       297       560       302         1
       322       320        63       302       549       300         1
        34       321       154       298       316       304         1
        59       321       172       304       341       303         1
       323       322        63       546       551       306         1
       299       322        61       306       230       508         1
       324       323        63       549       612       319         1
        61       323       145       555       176       306         1
       166        60       325         0       613       614         1
        64       145       327       555       328       193         1
       323       327       145       554       552       319         1
       325        56       355       324       613         0         1
       324       326       327       328       319       558         1
       324        56       326         0       557       324         1
       170       328        59       299       341       615         1
       166        57       328       301       322       545         1
       332       329        25       519       317       568         1
       329        33       335       318       571       568         1
       330        21       331       330       311       513         1
       332       330        33       311       568       567         1
       370        21       369       638       637       330         1
        11       169       331       337       640         0         1
       330       332       168       239       312       564         1
       329       332        33       564       562       561         1
       334       333        34       329       574       334         1
         5       333       171       334         0       332         1
        34       329       335       562       574       316         1
        22       171       334       334       573         0         1
        22       334       335       574       331       572         1
       335       334        34       569       571       573         1
        38       336       195       354       379       378         1
       337       336       177       378       577        12         1
        42       337       177       576         0       377         1
       186       337       235       377        13       351         1
        52       164       339       281       582       584         1
       192       338        50       634         0       361         1
       339        53       367       289       356       281         1
        52       339       338       356       357       579         1
       163       340        51       358       540       359         1
        52       340       164       292       579       355         1
       198       193       372       385       644       591         1
       194        52       341       360       389       355         1
       343        51       194       358       590       366         1
        38       342       196       589         0       379         1
       342       343       196       382       588       366         1
       194        46       343       382       587       643         1
       193       198       344       592       384       585         1
       192       344       198       591       361       387         1
       286       345         6       396       199       222         1
       236       345       128       222         6       197         1
       274       346        91       111       463       139         1
        88       346       139       139       399       117         1
       134       347        69       388       374       165         1
        61       347       208       165       246       176         1
       348       162       367       633       289       204         1
       228       229       348       263       280       200         1
       119       349        90        18        40        35         1
         9       349       247        35       416       415         1
       263       350        87       178       444       156         1
        82       350       264       156        75       445         1
        71       352       200       164       182       180         1
       358         4       138         0       121       619         1
        77       352       284       180       179       481         1
       161       353        40       543       254       290         1
       353       308       158       531       521       290         1
       195       354        51       540       362       364         1
        43       354       317       364       541       539         1
        63       355       324       324       551       320         1
       166       325       355       556       320       553         1
       166       356        60       321       553       322         1
       328       170       356       321       322       559         1
       351       357       104       451         0       122         1
       267       137       357       451       618       103         1
       357       358       267       121       617       122         1
         4       358       351       122         0       606         1
       209       360       103       126       101       183         1
       278       359       130        65        82       472         1
        99       188       360       107       183       116         1
       362       361       188       127       129       625         1
       140       362       102       457       113       132         1
       361       362       100       132         0       623         1
       218       363        69       162       388       189         1
        54       363       147       189         0       186         1
       298       365       151       240       506       505         1
       189        78       364         0       474       172         1
        28       184       366       308       632       217         1
       366       173       368       314       636       308         1
        28       366       365       309       505       630         1
       162        50       367       634       599         0         1
       367        50       338       580       356       633         1
       369       368        20       403       637       313         1
       366       368        18       313       309       631         1
       370       369        20       635       639       565         1
        21       301       369       259       565       513         1
       241       370        20       637       404       336         1
       331       370        11       336       566       330         1
        82       371       189       171       170       153         1
       122       371       204       153        77       128         1
       194       372        46       385       590       389         1
       198       372       341       389       360       585         1
       132       373        73       184       161       168         1
        68       373       276       168        88       468         1
         1       109         1         2
       105       187        10         2
        93       110        15         2
         9        89        17         2
        14       113        20         2
       115         1        23         1
       101       115        32         1
       254        79        49         2
       255       123        52         2
       258        65        55         2
         8       178        57         4
        89       254        58         2
        74        66        59         2
       359        67        65         2
        67         6        67         2
       260        74        68         2
        97       271       124         4
       361        97       127         4
       141        13       133         4
        13       100       134         4
       183        83       141         4
        92       141       143         4
       281        84       174         4
       364        10       175         4
       282        78       177         4
       199        71       182         4
       113        93       198         2
         6       190       199         2
        49       229       200         2
        37        15       203         2
         2       162       204         3
        31       303       209         2
        23        26       212         2
        26         7       213         2
       296        29       215         2
        15       294       218         2
         7       296       220         2
       306        17       247         2
        17        30       250         2
       307        12       252         2
        12       312       253         2
       310        44       257         2
        44        49       260         2
       229         2       263         2
       312        45       266         2
        45       310       268         2
         5        60       325         4
       326        64       328         4
       169        22       331         4
       241        11       336         4
        83       273       338         4
       178        16       370         4
       175         8       372         4
        42       175       373         4
        38       177       378         4
        64       147       381         4
        46       196       382         4
        84       183       383         4
         3       193       384         4
       193        46       385         4
       192         3       387         3
        16       241       402         4
       109       105       408         2
       187        14       409         2
       110         9       416         2
        79       255       429         2
        65       260       438         2
       123       258       449         2
       138       101       452         1
       271       104       459         4
       273        92       462         4
        66       359       472         2
        10       281       478         4
        71       282       482         4
        54       199       484         4
       190        35       488         2
       289        37       489         2
        35       289       492         2
       294        31       500         2
       303        23       516         2
        29       306       522         2
        30       307       523         2
        60       325       553         4
       325        56       556         4
        56       326       558         4
        11       169       566         4
       171         5       570         4
        22       171       572         4
       177        42       577         4
        50       192       580         3
       196        38       588         4
         4       138       606         1
       104       351       616         4
       351         4       619         4
       100       361       625         4
       147        54       627         4
        78       364       629         4
       162        50       633         3
   0.000000000000000       0.000000000000000    
   10.00000000000000       0.000000000000000    
   10.00000000000000       1.000000000000000    
   0.000000000000000       1.000000000000000    
   6.000000000000000       1.000000000000000    
   5.000000000000000       0.000000000000000    
   7.500000000000000       0.000000000000000    
   8.000000000000000       1.000000000000000    
   2.000000000000000       0.000000000000000    
   3.000000000000000       1.000000000000000    
   7.000000000000000       1.000000000000000    
   8.750000000000000       0.000000000000000    
   1.500000000000000       1.000000000000000    
   1.000000000000000       0.000000000000000    
   6.250000000000000       0.000000000000000    
   7.500000000000000       1.000000000000000    
   8.125000000000000       0.000000000000000    
   7.250000000000000      0.5000000000000000    
   7.812500000000000      0.4687500000000000    
   7.250000000000000      0.8125000000000000    
   6.937500000000000      0.6562500000000000    
   6.500000000000000       1.000000000000000    
   6.875000000000000       0.000000000000000    
   6.965909090909091      0.3224431818181818    
   6.478313928077736      0.4490580277280860    
   7.187500000000000       0.000000000000000    
   7.750000000000000      0.7895220588235294    
   7.522321428571427      0.3236607142857143    
   7.812500000000000       0.000000000000000    
   8.437500000000000       0.000000000000000    
   6.562500000000000       0.000000000000000    
   6.688426174769657      0.2560280106205806    
   6.632907365734256      0.7188707382072341    
   6.297087635661808      0.7320892098172932    
   5.625000000000000       0.000000000000000    
   6.058629748250492      0.3798677773735496    
   5.937500000000000       0.000000000000000    
   9.000000000000000       1.000000000000000    
   8.175603693181818      0.3338068181818182    
   8.593750000000000      0.3922317475368712    
   8.093307575366266      0.6683546792824944    
   8.500000000000000       1.000000000000000    
   9.062500000000000      0.3517258075213439    
   9.375000000000000       0.000000000000000    
   9.062500000000000       0.000000000000000    
   9.500000000000000       1.000000000000000    
   8.852898588304226      0.6586680757691923    
   9.384694583337437      0.3233007123718636    
   9.687500000000000       0.000000000000000    
   10.00000000000000      0.5000000000000000    
   9.255009952378703      0.6935714921442737    
   9.633051338257401      0.6181317846619587    
   9.738254449251697      0.3159347192176912    
   4.500000000000000       1.000000000000000    
   8.424617332838830      0.6772572771735847    
   5.250000000000000       1.000000000000000    
   5.537379905708713      0.5374549646407674    
   5.748846303173097      0.2960601263369476    
   5.863175670103073      0.6742264325170209    
   5.625000000000000       1.000000000000000    
   5.008174736803769      0.5292063157990574    
   5.312500000000000      0.2249235535205893    
   5.270303118286225      0.6920670618786271    
   4.875000000000000       1.000000000000000    
   3.500000000000000       0.000000000000000    
   4.250000000000000       0.000000000000000    
   4.625000000000000       0.000000000000000    
   4.437500000000000      0.4843750000000000    
   4.707779705975792      0.6984653252326616    
   4.737356537465163      0.3219706757929663    
   3.750000000000000       1.000000000000000    
   3.875000000000000      0.4236391129032259    
   4.125000000000000      0.7838541666666667    
   3.875000000000000       0.000000000000000    
   4.171940104166667      0.3086945564516129    
   3.375000000000000      0.6169354287734319    
   3.688661963478566      0.6849618100088357    
   3.375000000000000       1.000000000000000    
   2.750000000000000       0.000000000000000    
   3.552087685757882      0.3316848292608165    
   3.113379538570337      0.2569230792055530    
   2.993824334558373      0.6188694586460335    
   2.250000000000000       1.000000000000000    
   2.625000000000000       1.000000000000000    
   2.460306007502963      0.4716007509378705    
   2.781503375838927      0.3480188705410424    
   2.686870662339323      0.6908499293364628    
   1.902474045143039      0.5556314887142402    
   2.375000000000000       0.000000000000000    
   2.151155433899450      0.3129059693610354    
   2.205911697749736      0.6764014583140308    
   1.875000000000000       1.000000000000000    
   1.500000000000000       0.000000000000000    
   1.394502786608940      0.5000000000000000    
   1.750000000000000      0.2424940731100955    
   1.628339962490130      0.7117913211478775    
  0.7500000000000000       1.000000000000000    
   1.250000000000000      0.2083810553377489    
  0.9198692712974563      0.5535785954741922    
   1.125000000000000       1.000000000000000    
   0.000000000000000      0.5000000000000000    
   1.177370496291086      0.7055962373830976    
  0.6591304681320425      0.7098934779480857    
  0.3750000000000000       1.000000000000000    
  0.5000000000000000       0.000000000000000    
  0.3428853564626472      0.5631174330008688    
  0.6281408875386989      0.3625834952082568    
  0.2500000000000000      0.2337247236264082    
  0.2500000000000000       0.000000000000000    
   1.750000000000000       0.000000000000000    
   2.187500000000000      0.1023867062645839    
   2.385256888956831      0.2416603814300018    
   1.250000000000000       0.000000000000000    
  0.1904483588197520      0.4283103863079060    
   0.000000000000000      0.2500000000000000    
  0.4672310232057072      0.2155158351970594    
   1.497127796633333      0.2675359119255894    
   1.644412082067113      0.4655397147641416    
   1.938905105512209      0.3442020152916352    
  0.9788522751300847      0.2795276338096362    
   3.349911587478688      0.1935021710068486    
   3.281201150550291      0.4100331359636725    
   3.125000000000000       0.000000000000000    
   2.908630270885511      0.1610757754045633    
   3.687500000000000      0.1404873883105763    
   4.062500000000000      0.1168035102591328    
   4.812500000000000      0.1151586333905565    
   5.033124291181005      0.2641546197883531    
   2.977735435761741      0.4128366592809843    
   4.492010875008379      0.2269981612935662    
   3.683258784311806      0.4840128441626265    
   4.090991066976674      0.5405961231518818    
   3.917143301409917      0.6889074312761494    
   4.641975619102761      0.5038867794110578    
   2.259420746590056      0.4824690239398486    
  0.5433926340057468      0.5451829167416062    
  0.4363256957742310      0.7758703960867701    
   0.000000000000000      0.7500000000000000    
   1.987368723477953      0.7839138627755413    
   1.312500000000000      0.8814938579667446    
   1.687500000000000       1.000000000000000    
   2.877050701205389      0.8113769098451679    
   2.445490814078751      0.7135969677392897    
   4.451566189937424      0.7442703860681911    
   4.943181948865979      0.7650542213711607    
   3.497668554490569      0.8084677143867158    
   4.687500000000000       1.000000000000000    
   6.093750000000000      0.1594224426023967    
   6.334840881779911      0.2394341474617110    
   7.031250000000000      0.1299841059271125    
   7.259088138997726      0.2449577326252841    
   5.522432541435053      0.3110391130561728    
   5.869079019653189      0.4660761965845951    
   6.253594352495207      0.5047045961254577    
   7.968750000000000      0.1944258964730417    
   7.734913559678550      0.2223501495640202    
   8.281250000000000      0.1470522262602756    
   8.906250000000000      0.1758629037606719    
   9.531250000000000      0.1571103532807017    
   9.218750000000000      0.1664810635111955    
   8.593750000000000      0.1649938870178539    
   10.00000000000000      0.2500000000000000    
   9.236088413505891      0.4790984252584950    
   9.563660955958493      0.4245645027694792    
   8.372052492638092      0.4533715869118869    
   5.501691457523788      0.7837869146445683    
   5.314591143760004      0.4605900133769064    
   6.746171780454532      0.4977058525868696    
   6.750000000000000       1.000000000000000    
   5.812500000000000      0.8871298991824668    
   6.250000000000000       1.000000000000000    
   6.070021833963751      0.7789711782704057    
   7.493347379163063      0.6562500000000000    
   8.020746951147126      0.4731093154296792    
   8.250000000000000       1.000000000000000    
   7.894196529070634      0.6511428029842665    
   8.750000000000000       1.000000000000000    
   7.750000000000000       1.000000000000000    
   2.612078904806443      0.1879202080832054    
   1.149890160658404      0.4591180380637954    
   3.880537038176961      0.2163164511305340    
   1.421358845217647      0.7053330095528469    
   2.437500000000000       1.000000000000000    
   7.615831542265856      0.4993637011825735    
   8.255693196343481      0.7944712503791219    
   8.636248390245466      0.6101440587403852    
  0.7500000000000000       0.000000000000000    
  0.9375000000000000      0.8158167805729946    
   3.185368480404791      0.8063810691883776    
   5.312500000000000       0.000000000000000    
   8.832233163113722      0.4195199889864750    
   10.00000000000000      0.7500000000000000    
   9.750000000000000       1.000000000000000    
   9.467736455888124      0.7746455438989441    
   9.045093425296947      0.7782028135780702    
   9.250000000000000       1.000000000000000    
  0.7774303131679008      0.2109882324259746    
   9.781508340780432      0.7815083407804323    
   4.125000000000000       1.000000000000000    
   3.937500000000000      0.9002921674613197    
   1.375000000000000      0.1041905276688745    
   1.125000000000000      0.1041905276688745    
   2.073340124965543      0.4819357295884911    
   3.130328665465615      0.5045653867837400    
   3.731217786372589      0.3128160437781026    
   4.006925687931592      0.3234272272854186    
   4.582784931070344      0.3568895877232038    
   4.827251744556310      0.4850666359100614    
  0.7322445357058477      0.5218666393438609    
  0.4291667416038235      0.3979408578164231    
   1.299269099428920      0.6168786640039242    
   1.520854095221242      0.8366070006707561    
   1.781250000000000      0.8305799464021993    
   2.343750000000000      0.8540713291725099    
   3.545425447089985      0.5882660745180378    
   4.528703389367459      0.6097671856585587    
   3.815421483636178      0.5690862017315969    
   4.781250000000000      0.8548558606757463    
   2.531250000000000      0.8593026901254274    
   5.694652188040485      0.4619067475761929    
   7.107037003416217      0.2630355441550516    
   7.095043699249411      0.4318789448373059    
   8.029630214444179      0.3272593462250633    
   7.870206921077072      0.3199581833318342    
   8.199464908748769      0.5177967354617221    
   7.696395017134870      0.3698940200100523    
   9.597755900877242      0.2847418606377206    
   9.687884508668915      0.1566347587516670    
   9.843750000000000       0.000000000000000    
   7.655926510920680      0.6569226425971849    
   7.573982659786858      0.8147284448082498    
   7.980287880304052      0.8155054588164947    
   8.125000000000000      0.8936942433313990    
   8.375000000000000      0.9006193041245782    
   8.540882491259369      0.8202762356770723    
   4.894720041907308      0.3415572762797587    
  0.8501458830723720      0.3951994503091217    
   1.784946034235887      0.6680116093847168    
   8.277755797449322      0.6459366227584981    
   7.411690646278370      0.8573291382955068    
   7.250000000000000       1.000000000000000    
  0.1250000000000000      0.1168623618132041    
  0.3750000000000000      0.9124303285254461E-01
  0.8750000000000000      0.9102611451145148E-01
  0.6250000000000000      0.1235282982262762    
   1.625000000000000      0.1212470365550478    
   1.875000000000000      0.1212470365550478    
   1.630228108163511      0.3223101077082896    
   1.290521497014242      0.3699133005431163    
   1.509694549788310      0.4119684817474853    
   1.801776268828448      0.4294269982441985    
   1.130737135900704      0.3061174195108673    
   1.002720555055618      0.4280375487696744    
   2.562500000000000       0.000000000000000    
   2.937500000000000       0.000000000000000    
   2.758189789107296      0.1505833860255514    
   3.050167719244910      0.1253397178000440    
   3.312500000000000       0.000000000000000    
   3.521598004938342      0.1665405876825086    
   3.687500000000000       0.000000000000000    
   4.651090861509574      0.1677411699011123    
   2.604079945190473      0.3660811971668617    
   2.708604047164243      0.5123726533713844    
   2.866313476022070      0.5251820734317958    
   3.404857151784381      0.3301049206442124    
   3.206765929321479      0.1324225515640480    
  0.2192674122226767      0.7443058040200135    
  0.1433183168951987      0.5919205566593410    
   1.533130325246295      0.5819269743465654    
   1.070363800215139      0.5927556050400172    
  0.5625000000000000       1.000000000000000    
  0.6562500000000000      0.8700804308008142    
   2.062500000000000       1.000000000000000    
   2.156250000000000      0.8479702080979150    
   2.556447393160624      0.5989382072133749    
   4.257109417637961      0.4685033756889005    
   4.345042453731660      0.3190402123845333    
   4.267175733801216      0.1685600641931778    
   3.031793163816132      0.8448941363410892    
   3.341746647460752      0.7732810596867676    
   2.812500000000000       1.000000000000000    
   3.562500000000000       1.000000000000000    
   2.714733020968215      0.8571922335679297    
   3.662275854024931      0.8535895566494014    
   4.303781859449428      0.8919270833333333    
   5.156250000000000      0.1124617767602947    
   5.468750000000000      0.1124617767602947    
   5.630066570395886      0.1718140069188409    
   5.781250000000000       0.000000000000000    
   5.859375000000000      0.1583541099641172    
   5.912785303920554      0.3106838668938817    
   6.233863434641373      0.1404661109805068    
   6.186590170902772      0.2896970400069330    
   6.406250000000000       0.000000000000000    
   6.484375000000000      0.1536657336425735    
   7.656250000000000       0.000000000000000    
   7.578125000000000      0.1527292110335662    
   7.403278768140376      0.1458215481654406    
   5.186762247062640      0.3438817723789758    
   6.811585338697020      0.3543384987760634    
   6.919377825601929      0.4865953807088682    
   6.851079202004652      0.1785627765740968    
   6.718750000000000       0.000000000000000    
   6.625801162341612      0.3987290796544089    
   6.343757110586042      0.3872422337745791    
   7.968750000000000       0.000000000000000    
   8.593750000000000       0.000000000000000    
   8.750469610389560      0.1569264153840872    
   8.123145797153651      0.1585078285556697    
   9.218750000000000       0.000000000000000    
   9.374838589119703      0.1564128826706574    
   8.906250000000000       0.000000000000000    
   9.062073470255699      0.1569646915109897    
   8.443136779725211      0.2786128172773625    
   8.510157460226822      0.5216346825748618    
   9.216825897852514      0.3233772714789412    
   8.988829763016060      0.5264549790536756    
   8.926608881408839      0.3151181757125339    
   8.704073322151277      0.4838162044478741    
   5.392696442701186      0.5955090313227784    
   6.068378993270458      0.5793037824248597    
   5.174567283493016      0.5537748299316909    
   5.101804757103825      0.7064300199487372    
   5.198217945948556      0.8419500266469382    
   5.437500000000000       1.000000000000000    
   5.062500000000000       1.000000000000000    
   5.054834552923630      0.8561219865195167    
   5.668236437882992      0.6821646299150943    
   6.395314615593599      0.5954487948810440    
   6.778245910391677      0.6537171678320846    
   6.855021473048262      0.8342730762081428    
   6.596404088342799      0.5605911388593450    
   6.203843152600572      0.8537941109008715    
   6.367415699091193      0.8825433989313083    
   6.523991012006619      0.8393606117122251    
   8.867617113021742      0.8492811177488592    
   8.703563475191839      0.8425100226098555    
   9.826858232027314      0.5911615737673329    
   9.716096839740020      0.4749434539769860    
   9.422380167364723      0.5740351320608956    
   9.624692641076448      0.7748653949208325    
   9.194379151267478      0.8458354179944090    
   9.375000000000000      0.9029092171231139    
   9.875000000000000      0.9065083407804322    
   4.956621544670750      0.1395937028310905    
   2.051811617649745      0.6390335331674609    
   4.851742493271741      0.6389206454319132    
   9.854836271843055      0.1668992050980899    
   2.035640648703498      0.1845662718027097    
   2.833550203209777      0.6697100927121343    
  0.1875000000000000       1.000000000000000    
   3.811975414703949      0.8057078320590240    
   8.724056290975460      0.3091768227788481    
   9.130408246922352      0.5964930812497689    
   5.358795810709758      0.8589980929108710    
   5.657989297436058      0.8426291690061114    
  0.3128961706330273      0.8625526473765267    
  0.1125869067079286      0.8608723199690534    
   4.437500000000000       0.000000000000000    
  0.8254132303016840      0.6916408039916899    
  0.9375000000000000       1.000000000000000    
   1.095172977994559      0.8428342841259746    
   4.601374766752912      0.8427583569793885    
   3.187500000000000       1.000000000000000    
   7.363185853122322      0.3763501918019201    
   7.458060700026867      0.5024449830649922    
   9.892310603620084      0.3750000000000000    
   7.321510703269603      0.6562500000000000    
   7.129505351634801      0.6628642967303957    
   7.070559585783320      0.8336627810444267    
   3.213851481576969      0.6452604063621450    
   9.625000000000000      0.9221339499066976    
   4.275877159512752      0.6617133088557592    
