          57           3          75           2          37
        50        57        54        75         8        73         1
         8        16        24        17        19        13         1
        34        31        33        39        40        42         1
        25        27        19        31        28         9         1
        16        20         7        21        17        15         1
        21        22        20        18        23        20         1
        37         6        36        46        48         0         1
        13        50        54         1        65         0         1
        27        25        30        37        35         4         1
        24         7        17         0        16        17         1
        49        51        54        65        12        66         1
        54        14        49         0        11        75         1
         8        11        16        15         2         0         1
        33        15        22        24        26        39         1
        20        16        11        13        23         5         1
        30        24        17        10        27        37         1
        24        16         7         5        10         2         1
        18        20        22         6        24        21         1
        24        25         8        28         2        37         1
        21         5        22        26         6         0         1
         7        20        18        18         0         5         1
         5        32        33        40        26         0         1
        20        11        21         0         6        15         1
        22        15        18         0        18        14         1
        41        39        37         0        48        50         1
         5        33        22        14        20        22         1
        30        17        12         0        35        16         1
        19         8        25        19         4         0         1
         3        28        29        36         0        32         1
        12        26        27        33        35         0         1
        19        27        28        33        32         4         1
        19        28         3        29         0        31         1
        27        26        28        36        31        30         1
        29        26         2         0         0        36         1
        27        30        12        27        30         9         1
        26        29        28        29        33        34         1
        24        30        25         9        19        16         1
        48        46        43         0        57        60         1
        31        15        33        14         3         0         1
        34        33        32        22        41         3         1
        23        34        32        40         0        47         1
        31        34         6        46         0         3         1
        42        43        35         0        54        57         1
        36        23        41        59        48        47         1
        40        38        41        50        53        49         1
        34        36         6         7        42        47         1
        34        23        36        44        46        41         1
        36        41        37        25         7        44         1
        10        38        40        45         0        56         1
        41        38        39        51        25        45         1
        39        38        35        54         0        50         1
        42        10        48        68        57        56         1
        40        41        45        59         0        45         1
        38        42        35        43        51        56         1
        47        44        48        60        63        67         1
        38        10        42        52        54        49         1
        42        48        43        38        43        52         1
        51        53        13         0        65        69         1
        41        23        45         0        53        44         1
        48        44        46        61        38        55         1
        46        44         9        64         0        60         1
         4        55        50        73         0        72         1
        47        48        52        68         0        55         1
        44        51         9        66        61        69         1
        51        13        54         8        11        58         1
         9        51        49        11         0        64         1
        44        47        53         0        69        55         1
        48        10        52         0        63        52         1
        44        53        51        58        64        67         1
        55         1        56         0        74        72         1
        57        56        14         0        75        74         1
         4         1        55        70        62         0         1
        57        50        55        62        74         1         1
        56        57        55        73        70        71         1
        14        54        57         1        71        12         1
        37         6         7         2
        13        50         8         4
         7        17        10         2
        14        49        12         2
         8        11        13         4
        21         5        20         4
        18         7        21         2
         5        32        22         4
        11        21        23         4
        15        18        24         2
        39        37        25         2
        17        12        27         2
        19         8        28         4
        29         3        29         3
        12        26        30         2
         3        19        32         4
        26         2        34         2
         2        29        34         3
        46        43        38         2
        31        15        39         2
        32        23        41         4
         6        31        42         2
        43        35        43         2
        40        10        49         4
        35        39        51         2
        45        40        53         4
        53        13        58         4
        23        45        59         4
         9        46        61         2
        50         4        62         4
        52        47        63         4
        49         9        66         2
        47        53        67         4
        10        52        68         4
         1        56        70         2
        56        14        71         2
         4         1        72         1
   0.000000000000000       0.000000000000000    
   10.00000000000000       0.000000000000000    
   10.00000000000000       1.000000000000000    
   0.000000000000000       1.000000000000000    
   6.000000000000000       1.000000000000000    
   5.000000000000000       0.000000000000000    
   7.500000000000000       0.000000000000000    
   8.000000000000000       1.000000000000000    
   2.000000000000000       0.000000000000000    
   3.000000000000000       1.000000000000000    
   7.000000000000000       1.000000000000000    
   8.750000000000000       0.000000000000000    
   1.500000000000000       1.000000000000000    
   1.000000000000000       0.000000000000000    
   6.250000000000000       0.000000000000000    
   7.500000000000000      0.6250000000000000    
   8.125000000000000       0.000000000000000    
   6.875000000000000       0.000000000000000    
   9.000000000000000       1.000000000000000    
   7.008928571428571      0.4910714285714286    
   6.500000000000000       1.000000000000000    
   6.250000000000000      0.5312500000000000    
   4.500000000000000       1.000000000000000    
   7.958096590909091      0.4580965909090909    
   8.500000000000000      0.6887650050637435    
   9.375000000000000       0.000000000000000    
   8.980838020796638      0.4735404948008407    
   9.500000000000000      0.7182226093983630    
   10.00000000000000      0.5000000000000000    
   8.437500000000000      0.2763259089834498    
   5.625000000000000       0.000000000000000    
   5.250000000000000       1.000000000000000    
   5.703555045871560      0.5408543577981649    
   5.187260124485793      0.4844349688785520    
   3.500000000000000       0.000000000000000    
   4.625000000000000      0.4233681639547133    
   4.250000000000000       0.000000000000000    
   3.687500000000000      0.4843750000000000    
   3.875000000000000       0.000000000000000    
   3.750000000000000       1.000000000000000    
   4.156676434023405      0.4604246491884703    
   3.125000000000000      0.4236391129032259    
   2.750000000000000       0.000000000000000    
   2.187500000000000      0.4843750000000000    
   4.125000000000000       1.000000000000000    
   2.375000000000000       0.000000000000000    
   2.250000000000000       1.000000000000000    
   2.656664895294156      0.4604112493738589    
   1.500000000000000       0.000000000000000    
  0.7500000000000000       1.000000000000000    
   1.717568277310924      0.4212841386554622    
   2.625000000000000       1.000000000000000    
   1.875000000000000       1.000000000000000    
   1.163514316438549      0.5432428417807258    
  0.3750000000000000      0.5000000000000000    
  0.5000000000000000       0.000000000000000    
  0.7779525020350592      0.3630656275438241    
