         191           3         310           2          70
       179       180       178        12       292       289         1
        80        78        39         3        22        51         1
        35        39        78         2        21         0         1
       181        14        57         9       296         0         1
        72        77        76        79        57         6         1
        77        72        73        56        11         5         1
         9        61        62        43        10        48         1
        62        51        75        23        10        90         1
        14        76        57       252         4        57         1
        62        75         9        14         7         8         1
        73        70        77        20         6       111         1
       178       180        55       293        38         1         1
        46        43        58       156        24         0         1
         9        75        74       112         0        10         1
        73        49        74         0       112        56         1
       103       124       104       196        54       197         1
       100       101       102       155       157        40         1
        58       104        48       159        31       156         1
        79        78        38        51       150        21         1
        70        54        77        79        11        65         1
        78        79        35       158         3        19         1
        39        81        80       118         2       115         1
        73        75        51         8       111       112         1
        46        58        61        26        48        13         1
       157        54       156        27       254       253         1
        59        61        58        24        31        33         1
       156        54        71        65        35        25         1
        44        64        65        87        45        37         1
        71        70        67        68       105        65         1
        57       157       158       254       251       252         1
        59        58        48        18        44        26         1
        55       158       160       257       261       251         1
        59        44        61        43        26        39         1
        66        67        65       109        87       104         1
        69       156        71        27        62        77         1
       123        60        48        44       194       154         1
        60        64        44        28        39        50         1
        55       161       178       290        12       256         1
        60        44        59        33        44        37         1
       101       100        10       136       152        17         1
        79        99        42       153       114       301         1
        96        93        95       140       144       146         1
        62        61        44        33        45         7         1
        60        59        48        31        36        39         1
        65        62        44        43        28        90         1
        93        41        92        49       138       146         1
        40       185        95       113       142       135         1
         9        46        61        24         7         0         1
        84        92        41        46       110       124         1
        63        64        60        37        85        52         1
        78        80        38       145        19         2         1
        47        64        63        50         0        99         1
        37        85        81       117       115        66         1
       103       104        43       156         0        16         1
         6       105        87        58       127       131         1
        49        73        72         6         0        15         1
        76        14        72         0         5         9         1
        34        87       105        55       162       129         1
        98        90       121       134       191       149         1
        89        86        87       127       129       123         1
       164       162        18       170       267       260         1
        69        71        13       105         0        35         1
        97       106        33       165       148       147         1
       165       140       170       275       276       264         1
        54        70        71        29        27        20         1
        85        37        82         0       125        53         1
        12       145       127       231         0       287         1
        67        70        51       111       109        29         1
        67        53        68         0       108       104         1
        12       147       177       288       287         0         1
       128        30       144       227       230        72         1
       136        30       128        71       204       202         1
       175       148       176       283       286       243         1
       145       142       144       226       227       233         1
       155       146        27       228       250       249         1
       139       138        24       215       217       218         1
       156        69        50         0       255        35         1
       138        17       136       216       215       219         1
        76        77        54        20       253         5         1
       142        27       143       228       103       233         1
        98        89        34       129       200       192         1
        34        97       119       148       130       162         1
        22       109       108        84       171       168         1
       108       109        33       180       165        83         1
        60        52        63         0        50       154         1
       112       126       120       201       179       188         1
        64        66        65        34        28        99         1
        21       117       118       186         0        91         1
       111         5       109       175       168       173         1
        65        51        62         8        45       109         1
       117        21       111       173       279        88         1
        53        66        47        99         0       104         1
       172        11       168       272       280         0         1
       154       140         7       264       221       248         1
       146       188       143       101       228       303         1
       139       132        16       209       220       217         1
        28       146       148       249       242       303         1
       132        24       130       205       208       217         1
        47        66        64        87        52        92         1
       130       133         8         0       208       212         1
       143       188        19       305       229        95         1
         3       150       152       245         0       241         1
       143       141       142       224        80       229         1
        67        66        53        92        69        34         1
        71        67        13       108        62        29         1
       167        20       168       269       272       266         1
       167       114       166       268       266       184         1
        67        68        13         0       105        69         1
        51        65        67        34        68        90         1
        41        83        84       121        49       122         1
        51        70        73        11        23        68         1
        73        74        75        14        23        15         1
       185       186        95       302        47       298         1
        79        42       124       196       158        41         1
        81        39        37         0        53        22         1
        80        41        96       146       145       118         1
        85        83        81       122        53       120         1
        41        80        81        22       122       116         1
        86        36        85       120       125       123         1
        83        85        36       119       121       117         1
        84        83        36       120       190       110         1
        81        83        41       110       118       117         1
        36        86        89        60       132       119         1
        84        23        92       137        49       133         1
        86        85        82        66       126       119         1
        82         6        86       127       125         0         1
        87        86         6       126        55        60         1
        88        31        97       147       161         0         1
        87        34        89        81        60        58         1
       126        34       119        82       201       200         1
         6        88       105       161        55         0         1
        36        89       122       192       190       123         1
        84       121        23       134       124       193         1
        23       121        90        59         0       133         1
        91       185        40        47         0       299         1
       183        10       100        40       297         0         1
        23        45        92       138       124         0         1
        92        45        93       139        46       137         1
        45        94        93       140       138       141         1
        94        95        93        42       139       142         1
        45        40        94       142       139         0         1
        95        94        40       141        47       140         1
       100        99       184       300       297       153         1
        95        38        96       145        42       302         1
        80        96        38       144        51       116         1
        41        93        96        42       116        46         1
       106        97        31       128       166        63         1
       119        97        33        63       189        82         1
        32        90        98        59       187         0         1
       186        79        38        19       302       301         1
       183       184        91       299         0       297         1
        10        52       101       195        40         0         1
        42        99       100       143       157        41         1
       123        52        60        85        36       195         1
       101       123       102       194        17       195         1
        43       104        58        18        13        54         1
        42       100       102        17       160       153         1
       124        35        79        21       114       197         1
        48       104       102       160       194        18         1
        42       102       104       159       196       157         1
        88        97       105       162       131       128         1
        34       105        97       161        82        58         1
       125       108       106       165       167       199         1
       125        15       110       181       199       198         1
        33       106       108       163        84        63         1
       106        31       107         0       167       147         1
       125       106       107       166       198       163         1
       111       109        22        83       183        89         1
         5       112       115       179       175         0         1
       113        18       162        61       263         0         1
        22       108       110       199       176        83         1
       173       116       169       274       177       281         1
         5       111        21        91         0        89         1
       162       116       163       182       263       274         1
         5       115       109       180        89       169         1
        22       110       116       182       281       171         1
       173       169       114       268       273       172         1
       169       162       166       260       268       274         1
       120       115       112       169        86       185         1
        33       109       115       175       185        84         1
       163       110        15       164       262       182         1
       110       163       116       174       176       181         1
       173       111        22       168       281       279         1
       114       167       118       270       186       107         1
        33       115       120       179       189       180         1
       114       118       117        88       273       184         1
        98       126        32       188       149       200         1
       126       112        32         0       187        86         1
        33       120       119       201       148       185         1
       122        84        36       121       132       193         1
       121       122        98       192        59       193         1
        98       122        89       132        81       191         1
        84       122       121       191       133       190         1
       102       123        48        36       159       155         1
        52       123       101       155       152       154         1
       104       124        42       114       160        16         1
        35       124       103        16         0       158         1
        15       125       107       167         0       164         1
       108       125       110       164       171       163         1
        34       126        98       187        81       130         1
       120       126       119       130       189        86         1
       136       127        30       231        72       216         1
       133       153       129       246         0       212         1
       136       128        24       205       215        72         1
        24       128       130       244        98       204         1
       141        19       129         0       225       229         1
       153       128        25       230       246       244         1
       130         8       132       211        98       100         1
       135        16       132        96       213       271         1
       134       131       135       214       213         0         1
       132         8       134         0       213       208         1
       153       133       130       100       244       203         1
       134       135       132       209       211       210         1
       168       135       131       210       280       271         1
       138       136        24       204        76        78         1
       136        17       127         0       202        78         1
       132       139        24        76        98        96         1
       138       139       154       248       247        76         1
        17       138       137       247         0        78         1
       140       139        16        96       278       248         1
       137       154         7        94         0       247         1
       171        16       168       271       269       278         1
        20       166       164       260       265       266         1
       142       141        25       225       226       103         1
       129        25       141       224       206       246         1
        25       144       142        74       224       230         1
        30       145       144        74        71       231         1
       146       143        27        80        75        95         1
        19       141       143       103       101       206         1
       128       144        25       226       207        71         1
        30       127       145        67       227       202         1
       151       150        28       240       242       245         1
       142       145        27       234        80        74         1
       145       177        27       250       233       287         1
        28       149       187         0       304       240         1
       155        26       176       285       283       237         1
       155       147        26         0       236       288         1
       175       174         2         0       284       286         1
       151        29       152         0       245       282         1
       149        28       150       232       241       235         1
       150         3       149         0       240       102         1
        28       148       151       243       232        97         1
       175       151       148       242        73       282         1
       128       153       130       212       205       207         1
       151       152       150       102       232       239         1
       129       153        25       207       225       203         1
       138       154       137       221       219       218         1
       140       154       139       218       220        94         1
       146       155       148       283        97        75         1
       177       155        27        75       234       288         1
       158        55        57       293        30        32         1
        76       157        57        30         9       253         1
        54       157        76       252        79        25         1
       157       156       158       255        30        25         1
       156        50       158       257       254        77         1
        55       190       161       308        38       261         1
        50       160       158        32       255       258         1
        50       159       160       306       257         0         1
       191       189       190       308       310       309         1
       162       164       166       223       178        61         1
       190        55       160        32       310       256         1
        15       113       163       263       181         0         1
       162       163       113       262       170       174         1
       140       165         7         0        94        64         1
        20       164       170       276       277       223         1
       167       166        20       223       106       107         1
       164        18       165         0       276        61         1
       169       166       114       107       177       178         1
        20       171       168       222       106       277         1
       118       167        11       272         0       184         1
       168        16       135       209       214       222         1
        11       167       168       106        93       270         1
       114       117       173       279       177       186         1
       116       162       169       178       172       174         1
       170       140       171       278       277        64         1
       164       165       170        64       265       267         1
       170       171        20       269       265       275         1
        16       171       140       275       220       222         1
       111       173       117       273        91       183         1
       168       131       172         0        93       214         1
       116       173        22       183       176       172         1
       151       175        29       284       239       243         1
       155       176       148        73       249       236         1
         2        29       175       282       238         0         1
        26       174       176       286       236         0         1
       175       176       174       285       238        73         1
        12       177       145       234        67        70         1
       155       177       147        70       237       250         1
        56       180       179         1         0       294         1
       161         1       178       292        38         0         1
       182        56       181         0       296       294         1
       178         1       179         0         1       290         1
        57        55       180        12       295       251         1
        56       182       180       295       289       291         1
       180       182        57       296       293       294         1
       181        57       182       295       291         4         1
       184       183       100       136       143       151         1
       186       185       184       299       300       113         1
        91       184       185       298       135       151         1
       186       184        99       143       301       298         1
        79       186        99       300        41       150         1
        95       186        38       150       144       113         1
        28       188       146        95        97       304         1
       187       188        28       303       235       305         1
        19       188       187       304         0       101         1
       191       160       159       258       307       310         1
       191       159         4         0       309       306         1
       161       190       189       259         0       256         1
       189       191         4       307         0       259         1
       160       191       190       259       261       306         1
        35        39         3         2
       181        14         4         2
        46        43        13         2
        74         9        14         2
        49        74        15         2
         9        46        48         2
        63        47        52         4
        43       103        54         2
        72        49        56         2
        14        72        57         2
        13        69        62         4
        37        82        66         2
       127        12        67         2
        53        68        69         4
        12       147        70         2
        69        50        77         4
        52        63        85         4
       118        21        88         4
        47        53        92         4
       172        11        93         4
       133         8       100         4
       152         3       102         3
        68        13       108         4
        39        37       115         2
        82         6       126         2
        88        31       128         2
         6        88       131         2
        90        23       134         4
        40        91       135         4
       183        10       136         4
        23        45       137         4
        45        40       141         4
        32        90       149         4
        91       183       151         4
        10        52       152         4
        31       107       166         2
         5       112       169         4
       113        18       170         2
        21         5       173         4
       112        32       188         4
       103        35       197         2
       107        15       198         2
       129       133       203         4
        19       129       206         4
       134       131       210         4
         8       134       211         4
        17       127       216         2
       137        17       219         2
         7       137       221         2
       149       187       235         4
       147        26       237         2
       174         2       238         2
        29       152       239         3
         3       149       241         4
        50       159       258         4
        15       113       262         2
       165         7       264         2
        18       165       267         2
        11       118       270         4
       131       172       280         4
         2        29       284         3
        26       174       285         2
       179        56       289         2
       161         1       290         1
        56       181       291         2
         1       179       292         2
       187        19       305         4
       159         4       307         4
       189       161       308         1
         4       189       309         1
   0.000000000000000       0.000000000000000    
   10.00000000000000       0.000000000000000    
   10.00000000000000       1.000000000000000    
   0.000000000000000       1.000000000000000    
   6.000000000000000       1.000000000000000    
   5.000000000000000       0.000000000000000    
   7.500000000000000       0.000000000000000    
   8.000000000000000       1.000000000000000    
   2.000000000000000       0.000000000000000    
   3.000000000000000       1.000000000000000    
   7.000000000000000       1.000000000000000    
   8.750000000000000       0.000000000000000    
   1.500000000000000       1.000000000000000    
   1.000000000000000       0.000000000000000    
   6.250000000000000       0.000000000000000    
   7.500000000000000      0.6250000000000000    
   8.125000000000000       0.000000000000000    
   6.875000000000000       0.000000000000000    
   9.000000000000000       1.000000000000000    
   7.008928571428571      0.4910714285714286    
   6.500000000000000       1.000000000000000    
   6.250000000000000      0.5312500000000000    
   4.500000000000000       1.000000000000000    
   7.958096590909091      0.4580965909090909    
   8.500000000000000      0.6887650050637435    
   9.375000000000000       0.000000000000000    
   8.980838020796638      0.4735404948008407    
   9.500000000000000      0.7182226093983630    
   10.00000000000000      0.5000000000000000    
   8.437500000000000      0.2763259089834498    
   5.625000000000000       0.000000000000000    
   5.250000000000000       1.000000000000000    
   5.703555045871560      0.5408543577981649    
   5.187260124485793      0.4844349688785520    
   3.500000000000000       0.000000000000000    
   4.625000000000000      0.4233681639547133    
   4.250000000000000       0.000000000000000    
   3.687500000000000      0.4843750000000000    
   3.875000000000000       0.000000000000000    
   3.750000000000000       1.000000000000000    
   4.156676434023405      0.4604246491884703    
   3.125000000000000      0.4236391129032259    
   2.750000000000000       0.000000000000000    
   2.187500000000000      0.4843750000000000    
   4.125000000000000       1.000000000000000    
   2.375000000000000       0.000000000000000    
   2.250000000000000       1.000000000000000    
   2.656664895294156      0.4604112493738589    
   1.500000000000000       0.000000000000000    
  0.7500000000000000       1.000000000000000    
   1.717568277310924      0.4212841386554622    
   2.625000000000000       1.000000000000000    
   1.875000000000000       1.000000000000000    
   1.163514316438549      0.5432428417807258    
  0.3750000000000000      0.5000000000000000    
  0.5000000000000000       0.000000000000000    
  0.7779525020350592      0.3630656275438241    
   2.562500000000000      0.2016559068748724    
   2.418415541575765      0.4006020419870335    
   2.464896755514002      0.7198811224369581    
   2.221965867525372      0.2192388035582083    
   1.970190276565706      0.3213179822709959    
   2.437500000000000       1.000000000000000    
   2.205975168479729      0.7437359644266993    
   1.928321705543650      0.6331756632032252    
   2.009863885008048      0.8323162597484790    
   1.630379683396740      0.7187609162106119    
   1.687500000000000       1.000000000000000    
   1.125000000000000       1.000000000000000    
   1.445092346544968      0.5029387436547336    
   1.339102590425275      0.7662101586202179    
   1.250000000000000       0.000000000000000    
   1.519750219280410      0.2566228093634056    
   1.750000000000000       0.000000000000000    
   1.781765886441706      0.2143358488830380    
   1.029080981879302      0.3282960717177526    
   1.278125809173996      0.3178592222958100    
   3.687500000000000      0.2058971774193548    
   3.418005332986473      0.3451360887096774    
   3.959110445477431      0.2649169747992837    
   4.191372077019634      0.2277869052405944    
   4.625000000000000       0.000000000000000    
   4.387623351430566      0.4012666138754992    
   4.480101475883524      0.6938220513527580    
   4.524992144529577      0.2116840819773566    
   4.799029226219623      0.2116840819773566    
   5.057763400705992      0.2560818747821924    
   5.312500000000000       0.000000000000000    
   4.901608789906975      0.4955302573167031    
   4.875000000000000       1.000000000000000    
   3.375000000000000       1.000000000000000    
   4.312500000000000      0.8584500592888313    
   4.065154490588848      0.7257692184310770    
   3.937500000000000      0.8972727638285921    
   3.729900572808627      0.7408359154171361    
   3.924975637005976      0.5289630635672955    
   5.468750000000000      0.2988014338225295    
   5.054788349735674      0.7565465008614067    
   3.314605469427463      0.5452648568884056    
   3.085807325652760      0.7231688075425396    
   2.812500000000000      0.7901678775040216    
   2.898013975505285      0.5480557276842675    
   3.125000000000000       0.000000000000000    
   2.864953001684408      0.2629695316379552    
   5.270009783541858      0.2124731303548301    
   5.753527985126375      0.2574642175207506    
   5.937500000000000       0.000000000000000    
   5.975135767576992      0.4426436501274627    
   6.037735263743009      0.7190838073296055    
   6.183914085850340      0.2656250000000001    
   6.302415595546568      0.8043366823751639    
   5.625000000000000       1.000000000000000    
   6.562500000000000       0.000000000000000    
   6.654906904544180      0.6459783331156099    
   5.812500000000000      0.8318206927845572    
   6.387294666288759      0.3560585162670559    
   6.509194388675715      0.7931215024064689    
   6.750000000000000       1.000000000000000    
   5.440064229497573      0.5615418147279676    
   5.579693528076841      0.7608788569820394    
   4.687500000000000      0.8340787857315850    
   4.721743976091900      0.6187569113098409    
   2.657572472574518      0.6616826379220098    
   3.225267626253724      0.2118195564516129    
   5.969558678652060      0.2173687008813635    
   5.298920291427041      0.7607822095479356    
   8.437500000000000       0.000000000000000    
   8.253874532617548      0.5151071536208289    
   8.500000000000000       1.000000000000000    
   8.060468054349926      0.7227524032201712    
   7.500000000000000       1.000000000000000    
   7.779271492181105      0.6793949417891482    
   8.250000000000000       1.000000000000000    
   7.750000000000000       1.000000000000000    
   7.608412914604092      0.8125000000000000    
   8.148142761432089      0.2678850388727201    
   7.812500000000000       0.000000000000000    
   7.910912548914737      0.2209073311765000    
   7.674294136353299      0.3912656034532516    
   7.324796791724236      0.3125000000000000    
   8.750000000000000      0.8443825025318716    
   8.740419010398318      0.5811527499322919    
   8.990419010398318      0.7367702474004203    
   8.546701468381166      0.4707328844034822    
   8.699070587385011      0.2572711614597060    
   9.240419010398318      0.5958815520996027    
   9.062500000000000       0.000000000000000    
   9.517164119487449      0.3452465017737031    
   9.500000000000000       1.000000000000000    
   9.750000000000000      0.8591113046991814    
   9.739607997712893      0.5853007510728663    
   10.00000000000000      0.7500000000000000    
   8.285387224448792      0.7724008993950185    
   7.656250000000000      0.1648500400544237    
   9.218750000000000      0.2662330686220019    
  0.9375000000000000      0.7541874070510672    
  0.9289757184089936      0.5295622338715410    
  0.6446211829658576      0.6528275101589640    
  0.3750000000000000       1.000000000000000    
  0.4114179009783171      0.7500000000000000    
   0.000000000000000      0.5000000000000000    
   6.718750000000000      0.2980215793978517    
   6.406250000000000      0.1442500382512353    
   6.967629865612109      0.2385360106772171    
   7.187500000000000       0.000000000000000    
   6.798660288644432      0.4925188584715450    
   6.905479893668020      0.7366426096862453    
   7.210176696337594      0.7204235420002491    
   6.574805477750337      0.4514459840195996    
   7.162380720250015      0.1974468032927385    
   7.224933499242812      0.5045049789191702    
   7.250000000000000       1.000000000000000    
   6.439749104647400      0.6026487741855578    
   9.687500000000000       0.000000000000000    
   9.843750000000000      0.2500000000000000    
   9.531250000000000      0.1375531627820072    
   8.948387708866614      0.2241328991960304    
  0.1875000000000000      0.2500000000000000    
  0.2500000000000000       0.000000000000000    
  0.4453125000000000      0.2519531250000000    
  0.7500000000000000       0.000000000000000    
  0.6508022196461618      0.1902461071883817    
   3.187500000000000       1.000000000000000    
   3.281250000000000      0.8084675996370672    
   3.511573267669465      0.8144407670918330    
   3.515736046046986      0.6047417441071830    
   9.250000000000000       1.000000000000000    
   9.190324519594441      0.7992420095844230    
   0.000000000000000      0.7500000000000000    
  0.2057089504891585      0.6523134257337379    
  0.1875000000000000      0.8762372835584110    
