         137           3         185           2          87
         6        40        38        65         0        30         1
         8        54       115       154       152        58         1
        60        62         7        74       130        72         1
        15        71        74        88        92        83         1
       121        16       119       148       164         0         1
        91        86         9        12       117       112         1
       103       100        99        21       110       133         1
        65        66        59        86         0        79         1
       105       104        24         0        23        61         1
        44        35        45        35        46         0         1
        34        37        12        31        36        34         1
        86        85         9         0         6       118         1
        81        26        79       100       103         0         1
       128       130       126       174       173       165         1
       106        11       109         0       149       139         1
        69        70        10        84         0        68         1
       112       110        17         0        24       146         1
        57        40        31        40        69        65         1
        42        37        41        43        37        44         1
        92       102        23       132       113       134         1
       100         7        99         0         7       130         1
        83        80        82       102       108        98         1
       117       105        24         9       137       156         1
       112        17       106       141       149        17         1
        79        77        78        99        96       100         1
        29       133       130       167       165       179         1
       120       122       127       170       151       161         1
        40        34        36        36        40        30         1
        97         9        90         0       125       117         1
        40         6        34        33        28         1         1
        37        35        12         0        11        44         1
        33        48        50        55         0        54         1
         6        32        34        34        30         0         1
        34        32        37        43        11        33         1
        35        42        45        47        10        44         1
        34        12        36         0        28        11         1
        42        41        21         0        47        19         1
        98        95        39         0       124       128         1
        58        56        57        67        69        66         1
        36        31        40        18        28         0         1
        98        94        96       123       128       111         1
        55        47        53        59        63        62         1
        37        32        41         0        19        34         1
        35        37        42        19        35        31         1
        13        48        43        52         0        57         1
        46        44        45        10        48        50         1
        21        45        42        35        37        48         1
        21        46        45        46        47        49         1
        21        43        46        52        48         0         1
        33        44        46        46        54         0         1
        49        53        13        57         0        63         1
        43        48        46        54        49        45         1
        52        55        54        56        58        62         1
        33        46        48        52        32        50         1
        53        50        48        32        57        59         1
        55        49        54        60        53        63         1
        48        13        53        51        55        45         1
        52        54         8         2         0        53         1
        50        53        47        42         0        55         1
        49        51        54       154        56         0         1
       104       105       106       139       141         9         1
        47        55        52        53         0        42         1
        49        55        53        42        51        56         1
        39        38        56        67       124         0         1
        38        40        57        18        67         1         1
        56        58        20         0       127        39         1
        38        57        56        39        64        65         1
        76        70        69        16        85        93         1
        57        31        58         0        39        18         1
        14        22        60        72       131         0         1
        22        63        62        73        72        78         1
        22        62        60         3        70        71         1
        63        61        62        74        71        76         1
        61         7        62         3        73         0         1
        76        71        75        83        95        94         1
        65        61        63        73        79         0         1
        63        64        66        80        79        78         1
        63        22        64         0        77        71         1
        66        65        63        76        77         8         1
        10        66        64        77         0        84         1
        15        68        75        95        83         0         1
        70        68        59         0        86        93         1
        15        75        71        75         4        81         1
        66        10        70        16        86        80         1
        69        67        76        94        68         0         1
        59        66        70        84        82         8         1
        74        18        77        99        91        89         1
        71        72        74        89         4        90         1
        18        74        72        88         0        87         1
        71        67        72         0        88        94         1
        77        73        74        92        87        97         1
        15        74        73        91         0         4         1
        68        70        76        68        95        82         1
        71        76        67        85        90        75         1
        76        75        68        81        93        75         1
        79        78        27         0       101        25         1
        26        73        77        91       100         0         1
        80        83         1       106         0        22         1
        77        18        78         0        25        87         1
        77        79        26        13        97        25         1
        79        27        82       105       103        96         1
        80        81        82       103        22         0         1
        82        81        79        13       101       102         1
        83        84         4         0       106       108         1
        84        82        27       101         0       108         1
         4         1        83        98       104         0         1
        87         5        91       112       116         0         1
        82        84        83       104        22       105         1
         5        89        93       119       114         0         1
       102       103        99         7       132       129         1
        20        94        98        41       127         0         1
        86        91         5       107       114         6         1
        23        85        92       120        20         0         1
        93        86         5       112       109       118         1
        88        92        89       119         0       134         1
        30        87        91       107       121         0         1
        91         9        97        29       121         6         1
        93        85        86        12       114       120         1
        89        92        93       120       109       115         1
        85        93        92       119       113       118         1
        30        91        97       117       126       116         1
        95        96        90       125         0       128         1
        30        96        94        41         0       126         1
        39        56        98       127        38        64         1
        90        96        97       126        29       122         1
        30        97        96       125       123       121         1
        20        98        56       124        66       111         1
        95        98        96        41       122        38         1
       102       101       103       136       110       135         1
         7       100        60       131         3        21         1
        14        60       100       130       133        70         1
       102        99        23         0        20       110         1
       100       103        14       136       131         7         1
        88       102        92        20       115       135         1
       102        88       101         0       129       134         1
        14       103       101       129         0       133         1
       117        24       116         0       153        23         1
       114        11       105       139       156         0         1
       106       105        11       138        15        61         1
       112       109       107         0       143       149         1
       104       106        17        24         0        61         1
       111       108       110         0       146       144         1
       111       112       107       140       145       146         1
       108       111       113       150       147       142         1
       107        25       111       150       143         0         1
       111       110       112        17       143       142         1
       108       113        16       148         0       144         1
       119        16       113       147       158         5         1
       112       106       109        15       140        24         1
       111        25       113       158       144       145         1
       125       120       127        27       171         0         1
       115       116         8         0         2       153         1
       115       117       116       137       152       155         1
        51       115        54         2        60       155         1
       115        51       117       157       153       154         1
       105       117       114       157       138        23         1
       114       117        51       155         0       156         1
        25       119       113       148       150       159         1
        25       118       119       163       158         0         1
       122       124        19         0       170       168         1
       120       121       122       164        27         0         1
       127       123       126       173       171       169         1
       118       124       119       168       159         0         1
       119       122       121       161         5       168         1
       130       128        29         0        26        14         1
       125       126        28       174         0       171         1
       133       132       130       176        26       178         1
       119       124       122       160       164       163         1
       134       123       127       162       181         0         1
        19       127       122        27       160       181         1
       125       127       126       162       166       151         1
       135         3       136         0       184       182         1
       126       123       128         0        14       162         1
        28       126       130        14       176       166         1
         2       135       131       183         0       182         1
       132        28       130       174       167         0         1
       133       131       137       183       185       179         1
       132       133       129       185         0       167         1
       131       133        29        26         0       177         1
       137       136       129         0       185       184         1
       127        19       134         0       169       170         1
         2         3       135       172       175         0         1
       137       131       135       175       184       177         1
       136       137       135       183       172       180         1
       129       133       137       177       180       178         1
        38         6         1         2
       121        16         5         4
        59        65         8         2
       104        24         9         4
        44        35        10         4
        85         9        12         2
        81        26        13         2
        11       109        15         2
        10        69        16         4
       110        17        17         4
         7        99        21         2
         9        90        29         2
        35        12        31         4
        50        33        32         4
         6        32        33         2
        12        36        36         4
        41        21        37         2
        95        39        38         2
        36        31        40         4
        32        41        43         2
        43        13        45         2
        21        43        49         2
        33        44        50         4
        13        49        51         2
         8        52        58         4
        47        50        59         4
        49        51        60         2
        52        47        62         4
        39        38        64         2
        58        20        66         4
        31        58        69         4
        14        22        70         4
        61         7        74         2
        65        61        76         2
        22        64        78         4
        64        10        80         4
        15        68        81         2
        68        59        82         2
        69        67        85         4
        72        18        89         4
        67        72        90         4
        73        15        92         2
        78        27        96         4
        26        73        97         2
         1        80        98         2
        18        78        99         4
        80        81       102         2
        84         4       104         4
        27        84       105         4
         4         1       106         1
        87         5       107         4
         5        89       109         4
        20        94       111         4
        23        85       113         2
        89        88       115         4
        30        87       116         4
        90        95       122         2
        94        30       123         4
        99        23       132         2
        88       101       135         4
       101        14       136         4
        24       116       137         4
       114        11       138         2
       109       107       140         2
        17       104       141         4
       108       110       142         4
       107        25       145         2
        16       108       147         4
       125       120       151         4
       116         8       152         4
        51       114       157         2
        25       118       159         2
       124        19       160         2
       120       121       161         4
       118       124       163         2
       128        29       165         2
        28       125       166         4
       134       123       169         2
         3       136       172         4
       123       128       173         2
       131         2       175         2
       132        28       176         4
       129       132       178         4
        29       131       179         2
       136       129       180         4
        19       134       181         2
         2         3       182         3
   0.000000000000000       0.000000000000000    
   25.00000000000000       0.000000000000000    
   25.00000000000000       1.000000000000000    
   0.000000000000000       1.000000000000000    
   9.000000000000000       1.000000000000000    
   12.50000000000000       0.000000000000000    
   6.250000000000000       0.000000000000000    
   17.00000000000000       1.000000000000000    
   9.375000000000000       0.000000000000000    
   4.500000000000000       1.000000000000000    
   18.75000000000000       0.000000000000000    
   13.00000000000000       1.000000000000000    
   15.62500000000000       0.000000000000000    
   6.750000000000000       1.000000000000000    
   3.125000000000000       0.000000000000000    
   21.00000000000000       1.000000000000000    
   19.00000000000000       1.000000000000000    
   2.250000000000000       1.000000000000000    
   21.87500000000000       0.000000000000000    
   11.00000000000000       1.000000000000000    
   14.06250000000000       0.000000000000000    
   5.625000000000000       1.000000000000000    
   7.812500000000000       0.000000000000000    
   18.00000000000000       1.000000000000000    
   20.31250000000000       0.000000000000000    
   1.562500000000000       0.000000000000000    
   1.125000000000000       1.000000000000000    
   23.00000000000000       1.000000000000000    
   23.43750000000000       0.000000000000000    
   10.00000000000000       1.000000000000000    
   12.00000000000000       1.000000000000000    
   13.28125000000000       0.000000000000000    
   15.00000000000000       1.000000000000000    
   12.89062500000000      0.4296875000000000    
   14.00000000000000       1.000000000000000    
   12.50000000000000       1.000000000000000    
   13.50000000000000      0.6084653253424658    
   11.71875000000000       0.000000000000000    
   10.93750000000000       0.000000000000000    
   12.25000000000000      0.5000000000000000    
   13.67187500000000       0.000000000000000    
   13.86718750000000      0.3836781819747242    
   14.84375000000000       0.000000000000000    
   14.50000000000000       1.000000000000000    
   14.17486365765508      0.6398473252031974    
   14.68631289903785      0.5049630277942621    
   16.00000000000000       1.000000000000000    
   15.27680771711235      0.4776923231952173    
   16.40625000000000       0.000000000000000    
   15.50000000000000       1.000000000000000    
   17.18750000000000       0.000000000000000    
   16.50000000000000       1.000000000000000    
   15.81031197927516      0.5008205077718150    
   16.75000000000000      0.4721679687500000    
   16.28282471251337      0.5740176132434951    
   11.32812500000000      0.4775390625000000    
   11.78681758159995      0.5809087907999737    
   11.50000000000000       1.000000000000000    
   4.687500000000000       0.000000000000000    
   6.187500000000000      0.6562500000000000    
   5.468750000000000       0.000000000000000    
   5.859375000000000      0.2938988095238095    
   5.378658505982494      0.5262838271902353    
   5.062500000000000       1.000000000000000    
   5.078125000000000       0.000000000000000    
   4.882812500000000      0.4604843724176821    
   3.375000000000000       1.000000000000000    
   3.906250000000000       0.000000000000000    
   3.937500000000000       1.000000000000000    
   4.296875000000000      0.4373446143323346    
   3.135494289921673      0.5286264275195817    
   2.812500000000000       1.000000000000000    
   2.343750000000000       0.000000000000000    
   2.584144256573169      0.4971784734813272    
   3.515625000000000      0.2566626939794044    
   3.656250000000000      0.6682366304959200    
   1.953125000000000      0.4677734375000000    
   1.687500000000000       1.000000000000000    
   1.406250000000000      0.5273437500000000    
  0.7812500000000000       0.000000000000000    
   1.171875000000000       0.000000000000000    
  0.9765625000000000      0.4025607638888889    
  0.3906250000000000      0.4381823361223420    
  0.5625000000000000       1.000000000000000    
   8.593750000000000       0.000000000000000    
   8.984375000000000      0.4238281250000000    
   9.500000000000000       1.000000000000000    
   7.875000000000000       1.000000000000000    
   8.437500000000000       1.000000000000000    
   10.15625000000000       0.000000000000000    
   9.485720796642818      0.4939724004196477    
   8.156250000000000      0.4804687500000000    
   8.579550016431901      0.5872072984353625    
   10.50000000000000       1.000000000000000    
   10.54687500000000       0.000000000000000    
   10.35156250000000      0.4919433593750000    
   9.918375029486516      0.3791850674844167    
   10.83975157661615      0.4784921679648035    
   7.031250000000000       0.000000000000000    
   6.640625000000000      0.3683035714285715    
   7.312500000000000       1.000000000000000    
   7.679424112136243      0.4584106199756957    
   7.141730832241153      0.5084780471821757    
   18.50000000000000       1.000000000000000    
   18.35937500000000      0.2742929558186905    
   18.76379870129870      0.5278003246753247    
   19.53125000000000       0.000000000000000    
   20.00000000000000       1.000000000000000    
   19.14062500000000       0.000000000000000    
   19.50000000000000       1.000000000000000    
   19.89856978535784      0.4376821318635109    
   19.33593750000000      0.4943847656250000    
   20.50000000000000      0.6195037432047155    
   17.96875000000000       0.000000000000000    
   17.17832984375920      0.5924161952864608    
   17.50000000000000       1.000000000000000    
   17.75000000000000      0.5073242187500000    
   21.09375000000000       0.000000000000000    
   20.98979137515584      0.4946484101708605    
   22.00000000000000       1.000000000000000    
   21.50000000000000       1.000000000000000    
   21.75000000000000      0.5234375000000000    
   22.65625000000000       0.000000000000000    
   21.48437500000000       0.000000000000000    
   22.50000000000000       1.000000000000000    
   22.75000000000000      0.5268554687500000    
   22.24986354601760      0.5650690209415896    
   23.04687500000000       0.000000000000000    
   24.00000000000000       1.000000000000000    
   23.24218750000000      0.4571256027716636    
   24.21875000000000       0.000000000000000    
   23.50000000000000       1.000000000000000    
   23.82812500000000      0.4371869323957536    
   22.26562500000000       0.000000000000000    
   24.60937500000000      0.5000000000000000    
   24.50000000000000       1.000000000000000    
   24.20581323939185      0.6294969948838249    
