         461           3         753           2         167
        80       140       146       118         0        20         1
        10       193       187       292         0        11         1
       138       139        82        72        69       134         1
       189        60       198        77       290       278         1
        64       184       186        10         0       291         1
        80        81       138       134        20         0         1
       165       162       179        42       136       251         1
        66       201       432       705       703        23         1
       203        59       432       296       705       299         1
       188       186       184         5        91       274         1
       200       193        10         2       312       282         1
       228        75       227       346       344       343         1
       180       185        65        29        24        21         1
       152       150       142       124        17        92         1
       141       142       139        94        87        98         1
       170       176       178        63        54       138         1
       142        26       152        96        14        98         1
        83       147       427       130        70       128         1
       172        71       166       269       199       144         1
        80       138       140        69         1         6         1
       183       185       180        13        45        31         1
       184       183        63        45        91        90         1
       193       201        66         8        30       282         1
        61       180        65        13         0        25         1
       180        61       181       742        37        24         1
       230       211       218        28       347       326         1
         7       190       455       741       743       284         1
        76       218       211        26       328        93         1
       185       432        65       296        13       703         1
       193        66       199       273       292        23         1
       185       183        66       273       703        21         1
       149       148         1         0       115       119         1
       204       194       100       304       301       300         1
       189       182        62        36        64       289         1
       225       233        23       337         0       338         1
       182       181        62       740        34        80         1
        63       180       181        25        80        45         1
       214       223       222       335       323       305         1
       243        90       433       706       372         0         1
       453        62       454       740         0       275         1
        98       255       256       392        56       393         1
        18       179       162         7         0       271         1
        74       179       177       271       235       136         1
        97       433       253       388       382       707         1
       183       180        63        37        22        21         1
        86       237       240       364       368       361         1
       205       206       221       332       331       302         1
       234        92       233       339       338       363         1
       103       221       223       334       305       331         1
       222       224       102       341       323       322         1
        93       238       237       355       110       362         1
       190       204       195       301       285       284         1
       264       272       263       422       406       109         1
       170       178        73       254       260        16         1
       254        96       253       389       388        62         1
       257        98       256        41       395       400         1
       259        56       271       108       122       405         1
       248       244        97       707       380       378         1
       276        40       274       409       425       431         1
       245       241       242       367       370       375         1
       257       261       262       399       397       404         1
       255        96       254        55       391       413         1
       161       178       176        16       177        78         1
       190       189        62        34       741       278         1
       182       188        63        91        80        97         1
        88       215       220       321       114       317         1
       144       156       158       238       221       228         1
       159        18       160         0       249       264         1
       140       138        82         3       694        20         1
       427       428        83       700        18       697         1
        78       153       151        85       206       217         1
       139       157        82       132         3        81         1
       219       174        76       142       328       327         1
       169       167       459        95       750       197         1
       164       168       170       138       260       188         1
       201       200        70       311       295       282         1
       198        60       191       287       279         4         1
       161       163       178       254        63       266         1
       199        64       187         0       292       291         1
        63       181       182        36        65        37         1
       157       139        79        94       223        72         1
       153       154       155       230       232       217         1
       146       147       145       113         0       118         1
       159       161       177       235       264       268         1
       153       150       151       121        71       215         1
       427        82       144       228       697       694         1
       139        81       141         0        15       134         1
       175       174        67         0       139       142         1
       166       165        74       136       193       749         1
       199       183       184        22       291       273         1
       188       184        63        22        65        10         1
       152        77       150       121        14       255         1
       218        76       173       170       145        28         1
        79       139       142        15       124        81         1
       459       167        72         0       176        74         1
        26       143       152       203        17         0         1
       192       188       182        65       289       276         1
       142       141        26         0        17        15         1
       196       217        14       306       309       307         1
       236        93       437       713       117       362         1
       428       144        84       221       701       697         1
       207       217       213       111       303       306         1
       101       213       215       320       317       303         1
       196       209       195       308       277       310         1
       247        91       248       378       383       374         1
       245       246       434       377       709       116         1
       275        57       274       423       409       123         1
       270       271        56        57       417       398         1
        57       272       264        53       423       421         1
        93       237       436       361       713        51         1
       103       213       217       102       324       316         1
       267       268       269       418       416       414         1
       145       147       149       128       115        83         1
       232        88       220        66       351       330         1
       145       149         1        32         0       113         1
       245        91       246       374       106       370         1
       437        89       236       358       100       714         1
       147       146       140         1       130        83         1
       148       149       430       126       699        32         1
        30       250       265       384         0       387         1
       150        77       151       272        85        92         1
       259       271       268       402       415        57         1
       456        57       275       107       427       419         1
       142       150        79       215        94        14         1
        94       266       267       410       416       412         1
       149        83       430       700       119       128         1
       246       247        87       379       386       374         1
       147        83       149       126       113        18         1
       275       278       281       439       433       426         1
       427       147       140       118       694        18         1
       252        30       249         0       381       387         1
       157       156        82       228        72       226         1
        40       277       283       438       270       431         1
       139       138        81         6        87         3         1
       295       293       296       464       447       149         1
       179        74       165        89         7        43         1
       304        46       302       465       474       151         1
       168       176       170        16        75       171         1
        67       169       175       147        88       197         1
       295        41       300       461       470       447         1
       321        53       319       505       157       514         1
       174       175        76       170        73        88         1
       334       335       341       533       542       530         1
       172       173        71       179        19       165         1
       218       173        75       165       343        93         1
        54       323       338       537       532       512         1
       173       175       169       139       179       170         1
       318        13       319       507       497       502         1
       293       295       330       462       523       135         1
       286        37       294       459       448       457         1
       308        46       304       137       463       485         1
       298       300       297       471       154       467         1
       317       307       314       483       495       500         1
        45       298       297       152       472       208         1
       105       348       350       163       562       554         1
       229       172        15       168       345       325         1
       319       320       321       504       141       507         1
       342       343       344       546       548       213         1
       349       368       347       590       715       592         1
       333       323        55       519       526       529         1
       351       106       352       247       558       234         1
       315        53       316       499       498       505         1
       350       348        11         0       557       155         1
       313       312        50       218         0       494         1
       173       172        75       325       145       144         1
        34       292       286       458       444       446         1
        25       373       370       598         0       600         1
       172       171        15       174       156       199         1
       399       439       124         0       647       627         1
       173        76       175       142       147        93         1
       168        74       176       177       138       193         1
       387       386       384       619       622       624         1
       391        19       392       650       239       632         1
       171       164        15         0       168       188         1
       451       126       417       267       737       735         1
       165       459        72        95       251       749         1
        74       161       176        63       171       235         1
       123       451       420       681       685       686         1
       173       169        71       750       144       147         1
       390       119       387       607       629       642         1
       418       392       400       650       633       675         1
       111       372       373       598       602       596         1
       377       113       374       611       599       618         1
       381       110       375       604       626       613         1
       404       405       409       659       667       657         1
       356       357       112       603       198       570         1
       408       406       411       661       663       192         1
       164       171       168       257        75       174         1
       442       137       424       693       692       726         1
       135       444       449       721       730       724         1
       447       448         3       729         0       732         1
       408       130       406       194       187       668         1
        74       168       166       257        89       171         1
       406       130       405       659       195       192         1
       406       405       128       657       658       194         1
       351       354       359       560       234       559         1
       169        67       167         0        74       139         1
       355       356       112       186       568       567         1
       171       172       166        19       257       168         1
       442       441       444       721       726       723         1
       280        36       278       439       443       437         1
       285        12       289         0       452       204         1
       152       143       163       262       255        96         1
       285       288        12       445       202       460         1
       298       299        42       525       467       208         1
       160        78       151        71       249         0         1
         8       328       336       534       531         0         1
        45       299       298       205       154       466         1
       452        35        45       466       696       739         1
       310       303        46       465       475       489         1
       342       364       366       585       227       544         1
       316       324       325       513       516       499         1
       341       343       342       158       541       533         1
        52       326       327       517       522       518         1
       150       153        79       232       124        85         1
       303       452       302       696       465       738         1
       153        78       154         0        82        71         1
       316        50       312       164       498       492         1
        33       310       309       488       487       479         1
       156       155        27       230       238       226         1
       144       158        84         0       101        67         1
       327        54       336       520       534       512         1
        79       155       157       226        81       232         1
       365       367       364       587       584       591         1
       346       368       117       586       551       590         1
       156       157       155       223       220       132         1
       342       366       115       589       541       211         1
        82       156       144        67        86       132         1
       326        47       325       516       515       518         1
       154        27       155       220        82         0         1
       369       349       438       715       564       556         1
       153       155        79       223       215        82         1
       363       362       104         0       579       583         1
       106       351       359       196       576       161         1
        74       177       161        84       177        43         1
       388       111       379       572       605       625         1
       358       371       361       578       580       577         1
       156        27       158         0        67       220         1
       392       122       391       631       173       643         1
       396       398       394       645       250       646         1
       419       395       397       639       679       678         1
       119       401       403       608       654       651         1
       413       415       126       267       263       674         1
       379       380       108       612       246       606         1
       424       129       425         0       695       693         1
       108       376       379       609       244         0         1
       353       352       106       161       581       555         1
        28       413       410       256       669       676         1
       159       160       151       206       272        68         1
       394       121       396       638       240       253         1
       165        72       162         0         7       176         1
       415       421       417       683       267       644         1
       395       121       394       250       637       640         1
        73       178       163        78       262        54         1
       152       163        77       266        92       203         1
       410       413       409       263       666       248         1
       168       171       166       199       193       188         1
       129       137       458       747       748       693         1
       445       458       444       747       724       746         1
        73       164       170        75        54         0         1
       132       423       412       665       672       689         1
        73       163       143       203         0       254         1
       409       413       126       243       667       256         1
       159       177        18       271        68        84         1
       447       136       445       746       732         0         1
       163       161        77       268       255        78         1
       415       417       126       175       243       252         1
       161       159        77       272       266        84         1
        71       459       166       749        19       750         1
        40       283       284       441       432       133         1
       177       179        18        42       264        43         1
       159       151        77       121       268       249         1
       183       199        66        30        31        90         1
        22       186       188        10       276         0         1
       453       455        62       741        40       743         1
       188       192        22       281       274        97         1
       196       195       100       301       286       104         1
        60       189       190        64       285         4         1
       191       197       198       288        77         0         1
       191       209       208       310         0       287         1
        22       192       197       288         0       276         1
       193       200       201        76        23        11         1
       206       194        99         0       332       304         1
       190         7       204       300        52        27         1
        60       190       195        52       308       278         1
       205       196       100       277       302       307         1
       191        60       209       308       280        77         1
       197       192       198       290       279       281         1
       189       192       182        97        34       290         1
       189       198       192       288       289         4         1
        64       199       184        90         5        79         1
       187       193       199        30        79         2         1
        69       212       210       313         0       314         1
       212       219       211       328       315       314         1
       203       201        70        76       349       705         1
       432        59        65         0        29         9         1
       231        70       230       326       350       349         1
       202       203       231       349       348       299         1
        59       203       202       298         0         9         1
       194       204         7       284         0        33         1
       195       204       100        33       277        52         1
       206       205       100       286       304        47         1
       213       101       207         0       102       103         1
       194       206       100       302        33       283         1
       214       103       223        49        38       316         1
        14       217       207       102         0        99         1
       217       196       205       286       324        99         1
       195       209        60       287       285       104         1
       196        14       208         0       310        99         1
       196       208       209       280       104       309         1
        70       200       211       315       326        76         1
       200        10       210         0       313        11         1
       200       210       212       293       315       312         1
       219       212        69       293       327       294         1
       200       212       211       294       311       313         1
       103       214       213       320       111       305         1
       101       215        88        66         0       103         1
        99       216       223       335       334         0         1
       215       214       102       323       321       320         1
       214       215       213       103       316       319         1
       220       215       102       319       329        66         1
        23       224       222        50       333       337         1
       222       102       214       319        38        50         1
       103       217       205       307       331       111         1
       229        75       172       165       156       346         1
       211       230        70       297       311        26         1
       174       219        69       314         0        73         1
        76       211       219       294        73        28         1
       226       220       102       321       341       356         1
        88       232        89       358         0       114         1
       205       221       103        49       324        47         1
        99       221       206        47       283       334         1
        23       222       216       335         0       322         1
        99       223       221        49       332       318         1
       216       222       223        38       318       333         1
       233       226       224       341       337       339         1
        23       233       224       336       322        35         1
       233       225       234       353        48        35         1
       226       233        92        48       340       336         1
       226        92       235       357       356       339         1
       102       224       226       336       329        50         1
        68       218       228       343       344       347         1
       218        75       228        12       342       145         1
       227        68       228       342        12         0         1
        15       227       229       346       156         0         1
        75       229       227       345        12       325         1
       218        68       230       350        26       342         1
       231        68       202         0       298       350         1
        70       231       203       298       295       297         1
        68       231       230       297       347       348         1
       220       235       232       359       114       356         1
        92       238       236       362       357       363         1
       234       225        85         0       354       338         1
       237       234        85       353       364       355         1
       238       234       237       354        51       363         1
       226       235       220       351       329       340         1
       236       235        92       340       352       359         1
        89       232       236       359       117       330         1
       236       232       235       351       357       358         1
       239       241       240       368       365       366         1
       237        86       436       710       110        46         1
       236       238        93        51       100       352         1
        92       234       238       355       352        48         1
        85       240       237        46       354       365         1
        85       239       240       360       364         0         1
       241       239         9         0       367       360         1
       242       241         9       366       369        60         1
        86       240       241       360       375        46         1
       242         9       243         0       373       367         1
       245       242        91       371       116        60         1
        91       242       244       373       378       370         1
       433       244       243       373        39       707         1
       243       244       242       371       369       372         1
       247       246        91       116       105       127         1
        86       241       245        60       709       368         1
         5       434       251       377         0       708         1
       246       251       434       376       106       386         1
        91       244       248        58       105       371         1
       249        87       247       127       381         0         1
       250       248        97        58       382       385         1
       252       249       247       379       383       131         1
        97       253       250       389       380        44         1
       252       247       248       105       385       381         1
       250       266       265       412       120       411         1
       248       250       252       387       383       380         1
       246        87       251         0       377       127         1
        30       252       250       385       120       131         1
       433       254       253        55        44       706         1
        96       250       253       382        55       411         1
        90        95       254       391       706         0         1
       255       254        95       390       392        62         1
       256       255        95       391       394        41         1
       267       255        98        41       414       413         1
        95        39       256       395       392         0         1
       256        39       257       404        56       394         1
       258       263       262       407       399       403         1
       259       257       262        61       405       400         1
       260       271       270       108       401       420         1
       261       258       262       396        61         0         1
        98       257       259       397       415        56         1
       270        58       260         0       398       745         1
       271        20       268       418       122       420         1
       263       258        38         0       406       396         1
       257        39       261         0        61       395         1
       259       262        56       407        57       397         1
       263        38       264       428        53       403         1
        56       262       263       396       422       405         1
       273       277       276       431       424       429         1
       275       274        40        59       426       107         1
       267       266        96       411       413       125         1
       266       250        96       389       410       384         1
        94       265       266       384       125         0         1
       255       267        96       410        62       393         1
       267        98       268       415       112       393         1
       268        98       259       400       122       414         1
       267       269        94         0       125       112         1
       272       270        56       108       422       421         1
       268        20       269         0       112       402         1
       456       270        57       421       123       745         1
        20       271       260       398         0       402         1
       270       272        57       109       419       417         1
        56       263       272        53       417       407         1
        57       264       274       425       107       109         1
        38       273       276       408       428         0         1
       276       274       264       423       428        59         1
       278       275        40       409       432       129         1
       275        31       456       744       123       433         1
        38       276       264       425       406       424         1
       273         6       277       430       408         0         1
       279       277         6       429       453       438         1
        40       276       277       408       133        59         1
        40       284       278       443       426       270         1
       275       281        31         0       427       129         1
       291       290       282         0       451       440         1
       280       284        34       442       436       443         1
       285       280        34       435       444       452         1
       289        36       280       201       452         0         1
       277       279       283       441       133       430         1
       278        36       281         0       129       201         1
       290       291       279       454       453       434         1
       284       283       279       438       442       270         1
        34       284       279       441       454       435         1
       278       284       280       435       201       432         1
       286       285        34       436       166       448         1
        12       288       287       450         0       204         1
        34       291       292       451       166       454         1
       296        41       295       140       135         0         1
       294       285       286       444       150       460         1
        37       330       337       469       468       523         1
        37       287       288       445       459       468         1
       292       291       282       434       455       446         1
       285       289       280       437       436       202         1
       279         6       290         0       440       430         1
        34       279       291       440       446       442         1
       282        32       292       456       451         0         1
       293       292        32       455       464       458         1
        37       286       293       458       523       150         1
       293       286       292       166       456       457         1
        37       288       294       460       150       450         1
       285       294       288       459       204       448         1
       300        41        21         0       471       140         1
       295        42       330       525       149       470         1
       308       304       301       473       484       151         1
       293        32       296         0       135       456         1
       303       302        46       137       210       216         1
       299        45        35       209       524       208         1
       300       298        42       205       470       152         1
       337       287        37       450       449       536         1
       330       299       337       535       449       525         1
       295       300        42       467       462       140         1
        21       297       300       152       461       527         1
        45       297       302       474       696       154         1
       331       301       304       463       477         0         1
       304       302       297       472       477       137         1
       306       310        46       210       481       488         1
        44       426       452       739       738         0         1
       331       304       297       474       527       473         1
        43       307       308       485       484       483         1
       310        33       305         0       489       219         1
        44       303       305       489         0       738         1
       307       306        46       475       485       500         1
       306        48       309       486       488       491         1
       307        43       314       493       153       478         1
        43       308       301       463         0       478         1
        46       308       307       478       481       151         1
       312       309        48       482       490       494         1
       313        33       309       219       494         0         1
       310       306       309       482       219       475         1
       303       310       305       479       480       210         1
       315       312        48       486       503       498         1
        48       306       317       500       496       482         1
        50       316        47       516         0       218         1
        43       311       314       501       483         0         1
       312       313       309       487       486       164         1
       318       317       314       153       501       496         1
       318        48       317       491       495       503         1
       319       315       318       503       148       505         1
       315       316       312       218       490       162         1
       316        53       324       514       212       162         1
       307       317       306       491       481       153         1
       318       314       311       493       502       495         1
        13       318       311       501         0       148         1
       315        48       318       496       497       490         1
       320       322       321       508       157       506         1
        53       315       319       497       141       162         1
       322       320        49         0       509       504         1
       319        13       320         0       157       148         1
       321       322       333       529       510       504         1
       323       322        49       506       537       529         1
       333       324       321       514       508       526         1
       339        51       335       543       540         0         1
       323        54       327       222       519       146         1
       324        55       325       515       212       526         1
        53       321       324       510       499       141         1
       326       325        55       513       517       229         1
       316       325        47       229       492       212         1
       327       326        55       515       519       214         1
        47       326        52       214         0       229         1
       323       327        55       517       160       512         1
       334       336        54       222       530       521         1
       115       336       334       520       542       531         1
        52       327       328       534         0       214         1
       330        37       293       457       149       449         1
       299        35       329         0       535       466         1
        42       299       330       469       462       205         1
       324       333        55       160       513       510         1
       297        21       331         0       477       471         1
        49       332       338       538       537         0         1
       322       323       333       160       508       509         1
       335       334        54       520       532       143         1
       336       115         8       589       207       521         1
       335        54       338       146       538       530         1
       335       343       341       213       143       543         1
       327       336       328       207       522       222         1
       299       329       337       536       469       524         1
       287       337       329       535         0       468         1
        49       338       323       146       509       528         1
       335       338       332       528       540       532         1
       344       345       346       547       551       550         1
       335       332       339         0       511       538         1
       115       341       342       213       227       542         1
       334       341       115       541       521       143         1
       343       335        51       511       545       533         1
       364       342       117       548       584       211         1
        51       340       343       546       543         0         1
       344       343       340       545       550       158         1
       346       345       114         0       549       539         1
       342       344       117       551       544       158         1
       347       346       114       547       552       590         1
       344       340       345         0       539       546         1
       117       344       346       539       225       548         1
       348       347       114       549         0       554         1
       105       438       347       715       554       716         1
       347       348       105       155       553       552         1
       353       438       352       716       247       564         1
       349       369       365       594       592       231         1
       351       350        11       163       559       558         1
       350       351       352       161       562       557         1
        11       354       351       196       557       565         1
       355       359       354       196       566       575         1
       363       106       361       580       583       581         1
       350       352       105       716       155       558         1
       369       353       104       579       593       564         1
       353       369       438       231       555       563         1
        11       109       354       566       559         0         1
       355       354       109       565       567       560         1
       356       355       109       566       569       198         1
       112       358       355       575       198       577         1
       109       107       356       570       567         0         1
       356       107       357       597       186       569         1
       372       107       370         0       598       597         1
       111       374       379       606       236       602         1
       360       371       375       574       604       595         1
       112       375       371       573       577       614         1
       355       358       359       576       560       568         1
       106       359       358       575       580       234         1
       112       371       358       237       568       574         1
       371        17       361       582       237       595         1
       363       104       353       563       581       233         1
       106       358       361       237       561       576         1
       106       363       353       579       247       561         1
       361        17       362         0       583       578         1
       361       362       363       233       561       582         1
       365       364       117       544       586       224         1
       364       116       366       588       211       587         1
       365       117       368       225       592       584         1
       364       367       116         0       585       224         1
       116         8       366       589       585         0         1
         8       115       366       227       588       531         1
       347       368       346       225       549       159         1
       365        24       367         0       224       594         1
       365       368       349       159       556       586         1
       104        24       369       594       563         0         1
       369        24       365       591       556       593         1
        17       371       360       573         0       578         1
       357       372       111       182       625       597         1
       107       372       357       596       570       571         1
       373       372       370       571       167       182         1
       373       377       374       183       602       600         1
       373        25       377       621       599       167         1
       382       383       378       617         0       616         1
       111       373       374       599       572       182         1
       112       357       388       625       614       186         1
       360       375       110       184         0       573         1
       388       379       381       609       626       236         1
       374       380       379       244       572       615         1
       387       119       385       654       624       180         1
       403       401       402       610       655       242         1
       381       379       376       246       613       605         1
        16       402       401       608       641       649         1
       383       374       113       183       617       615         1
       382       108       380       244       616         0         1
       110       381       376       609         0       184         1
       375       112       388       603       626       574         1
       374       383       380       616       606       611         1
       383       382       380       612       615       601         1
       378       383       113       611       652       601         1
       113       377       385       620       653       183         1
        25       384       386       172       621         0         1
       386       385       377       618       621       624         1
        25       386       377       620       600       619         1
       387       384       118         0       629       172         1
       118       389       390       630       629       718         1
       385       386       387       172       607       620         1
       111       388       357       603       596       236         1
       375       388       381       605       184       614         1
       389       439       399       169       628       718         1
       399       393       389       636       627       648         1
       118       390       387       180       622       623         1
       398       390       389       623       636       642         1
       391       122       393       635       648       239         1
       124        19       391       173       647         0         1
       418       400       134         0       682       181         1
       397       392       127       675       679       643         1
       122       394       393       645       631       637         1
       389       393       398       645       630       628         1
       395       394       122       635       639       253         1
       121        16       396       641       250         0         1
       397       395       122       637       643       241         1
       121       395       120       678         0       253         1
        16       401       396       646       638       610         1
       119       390       398       630       651       180         1
       392       397       122       639       239       634         1
       421       415       125       673       687       252         1
       394       398       393       636       635       240         1
       398       396       401       641       651       240         1
       124       391       399       648       169       632         1
       393       399       391       647       631       628         1
        16       378       402       652       610         0         1
       392        19       400         0       181       173         1
       398       401       119       242       642       646         1
       378       113       402       655       649       617         1
       385       403       113       655       618       654         1
       119       403       385       653       607       242         1
       402       113       403       653       608       652         1
       123       128       404       657       686         0         1
       405       404       128       656       195       185         1
       406       128        29         0       661       195         1
       409       405       130       194       666       185         1
        29       407       411       670       661         0         1
       411       406        29       658       660       187         1
       440       133       411       663       670       722         1
       411       133       408       664       187       662         1
       412       408       133       663       671       665         1
       412       423       408       668       664       261         1
       409       130       410       691       256       659         1
       404       409       126       263       735       185         1
       423       130       408       192       665       691         1
       422        28       410       248       690         0         1
       411       407       440       719       662       660         1
       424       412       133       664       692       695         1
       425       132       412       261       695         0         1
       125       415       414       674         0       644         1
       413       414       415       673       243       676         1
       392       418       127       680       634       181         1
       413        28       414         0       674       248         1
       416       419       421       688       687       684         1
       419       120       395       640       241       684         1
       419       397       127       634       688       241         1
       418       417       127       683       675       737         1
       420       451       418       737       682       178         1
       420       418       134       633       685       681         1
       127       417       421       252       688       680         1
       120       419       416       677         0       678         1
       134       123       420       178       682         0         1
       451       123       404       656       735       178         1
       416       421       125       644         0       677         1
       127       421       419       677       679       683         1
       422       423       132       261         0       690         1
       423       422       410       669       691       689         1
       423       410       130       666       668       690         1
       442       424       133       671       722       189         1
       129       424       137       189       258       245         1
        82       427       140       130        69        86         1
       424       425       412       672       671       245         1
       452        45       302       472       216       209         1
       428       427       144        86       101        70         1
       431       429         4         0         0       704         1
       430       431       148         0       119       704         1
        83       428       430       702       126        70         1
       428        84       429         0       702       101         1
       430       428       429       701       704       700         1
        66       432       185        29        31         8         1
       429       431       430       699       702       698         1
       203       432       201         8       295         9         1
       254       433        90        39       390       388         1
       244       433        97        44        58       372         1
       434         5       435         0       712       376         1
       245       434        86       710       375       106         1
        86       434       436       711       361       709         1
       436       434       437       712       713       710         1
       437       434       435       708       714       711         1
       436       437        93       100       110       711         1
        89       437       435       712         0       117         1
       347       438       349       231       159       553         1
       352       438       105       553       562       555         1
       441       440       131       719       736       723         1
       389       118       439         0       627       623         1
       407       131       440       717       670         0         1
       461       446       448       729       727       753         1
       441       449       444       190       200       733         1
       133       440       442       723       692       662         1
       441       442       440       722       717       200         1
       445       444       135       190       731       259         1
       450       443       449       751       733         0         1
       442       444       137       747       189       200         1
       461       448       135       731       730       720         1
       136       457       458       748       746         0         1
         3       448       446       720         0       191         1
       461       135       449       190       751       727         1
       448       445       135       724       727       732         1
       447       445       448       731       191       265         1
       450       449       441       721       736       725         1
       460       443         2         0         0       752         1
       126       451       404       686       667       175         1
       441       131       450         0       733       717         1
       418       451       417       175       680       681         1
        44       452       303       216       480       476         1
        35       452       426       476         0       209         1
       454        62       181        36       742        40         1
        62       455       190        27        64       275         1
       181        61       454         0       740        25         1
       453         7       455        27       275         0         1
        31        58       456       745       427         0         1
       270       456        58       744       401       419         1
       136       458       445       259       265       728         1
       458       137       444       726       259       258         1
       129       458       457       728         0       258         1
       166       459       165       176        89       269         1
       169       459        71       269       179        74         1
       443       461       449       730       725       752         1
       460       461       443       751       734       753         1
       446       461       460       752         0       720         1
       146        80         1         2
       187        10         2         4
       186        64         5         4
        80        81         6         2
        65        61        24         2
       148         1        32         1
        23       225        35         2
       243        90        39         2
       454       453        40         2
       162        18        42         4
        18       160        68         4
        64       187        79         4
       145       146        83         2
        81       141        87         2
       174        67        88         4
       167        72        95         4
        26       143        96         2
       141        26        98         2
         1       145       115         2
       265        30       120         4
        30       249       131         4
       348        11       163         2
        50       313       164         4
       370        25       167         2
       439       124       169         2
       164        15       174         2
         3       447       191         4
        67       167       197         4
        12       289       202         4
       160        78       206         4
         8       328       207         4
        78       154       217         4
       158        84       221         4
       154        27       230         4
       362       104       233         4
        27       158       238         4
       129       425       245         4
       108       376       246         4
        72       162       251         4
        73       164       260         2
       143        73       262         2
       447       136       265         4
        22       186       274         4
       191       197       279         4
       208       191       280         4
       197        22       281         4
       194        99       283         2
       210        69       293         4
        59        65       296         2
       202        59       299         2
         7       194       300         2
       101       207       303         4
       207        14       306         4
        14       208       309         4
        10       210       312         4
        88       101       317         4
        99       216       318         2
        69       174       327         4
        89        88       330         4
       216        23       333         2
       227        68       344         2
        15       227       345         2
        68       202       348         2
       225        85       353         2
        85       239       365         2
       239         9       366         2
         9       243       369         2
       251         5       376         4
       249        87       379         4
        87       251       386         4
        90        95       390         2
        95        39       394         2
       261       258       399         2
        58       260       401         4
       258        38       403         2
        39       261       404         2
        94       265       412         4
       269        94       416         4
        20       269       418         4
       260        20       420         4
        38       273       424         2
       273         6       429         2
       281        31       433         4
       290       282       434         2
       289        36       437         4
        36       281       439         4
       287        12       445         4
       296        41       447         2
         6       290       453         2
       282        32       455         2
        41        21       461         2
        32       296       464         2
       331       301       473         2
        44       426       476         4
        33       305       479         4
       305        44       480         4
       301        43       484         2
       313        33       487         4
        47        50       492         4
        43       311       493         2
       311        13       502         2
       320        49       506         2
        13       320       507         2
       339        51       511         2
        52        47       518         4
       328        52       522         4
        35       329       524         4
        21       331       527         2
        49       332       528         2
       329       287       536         4
       332       339       540         2
        51       340       545         2
       345       114       547         2
       340       345       550         2
       114       348       552         2
        11       109       565         2
       109       107       569         2
       107       370       571         2
        17       362       582         4
       367       116       587         4
       116         8       588         4
        24       367       591         4
       104        24       593         4
       360        17       595         4
       378       382       601         4
       110       360       604         4
       382       108       612         4
       376       110       613         4
        25       384       619         2
       384       118       622         2
       124        19       632         2
       400       134       633         2
       121        16       638         4
       120       121       640         4
        16       378       649         4
        19       400       650         2
       123       128       656         2
       128        29       658         2
        29       407       660         2
       422        28       669         4
       425       132       672         4
       414       125       673         4
        28       414       676         4
       416       120       684         4
       134       123       685         2
       125       416       687         4
       132       422       689         4
       429         4       698         4
         4       431       698         1
       431       148       699         1
        84       429       701         4
         5       435       708         4
       435        89       714         4
       118       439       718         2
       407       131       719         2
       450       443       725         2
       136       457       728         4
       446         3       729         3
       443         2       734         2
         2       460       734         3
       131       450       736         2
       426        35       739         4
        61       454       742         2
       453         7       743         2
        31        58       744         4
       457       129       748         4
       460       446       753         3
   0.000000000000000       0.000000000000000    
   25.00000000000000       0.000000000000000    
   25.00000000000000       1.000000000000000    
   0.000000000000000       1.000000000000000    
   9.000000000000000       1.000000000000000    
   12.50000000000000       0.000000000000000    
   6.250000000000000       0.000000000000000    
   17.00000000000000       1.000000000000000    
   9.375000000000000       0.000000000000000    
   4.500000000000000       1.000000000000000    
   18.75000000000000       0.000000000000000    
   13.00000000000000       1.000000000000000    
   15.62500000000000       0.000000000000000    
   6.750000000000000       1.000000000000000    
   3.125000000000000       0.000000000000000    
   21.00000000000000       1.000000000000000    
   19.00000000000000       1.000000000000000    
   2.250000000000000       1.000000000000000    
   21.87500000000000       0.000000000000000    
   11.00000000000000       1.000000000000000    
   14.06250000000000       0.000000000000000    
   5.625000000000000       1.000000000000000    
   7.812500000000000       0.000000000000000    
   18.00000000000000       1.000000000000000    
   20.31250000000000       0.000000000000000    
   1.562500000000000       0.000000000000000    
   1.125000000000000       1.000000000000000    
   23.00000000000000       1.000000000000000    
   23.43750000000000       0.000000000000000    
   10.00000000000000       1.000000000000000    
   12.00000000000000       1.000000000000000    
   13.28125000000000       0.000000000000000    
   15.00000000000000       1.000000000000000    
   12.89062500000000      0.4296875000000000    
   14.00000000000000       1.000000000000000    
   12.50000000000000       1.000000000000000    
   13.50000000000000      0.6084653253424658    
   11.71875000000000       0.000000000000000    
   10.93750000000000       0.000000000000000    
   12.25000000000000      0.5000000000000000    
   13.67187500000000       0.000000000000000    
   13.86718750000000      0.3836781819747242    
   14.84375000000000       0.000000000000000    
   14.50000000000000       1.000000000000000    
   14.17486365765508      0.6398473252031974    
   14.68631289903785      0.5049630277942621    
   16.00000000000000       1.000000000000000    
   15.27680771711235      0.4776923231952173    
   16.40625000000000       0.000000000000000    
   15.50000000000000       1.000000000000000    
   17.18750000000000       0.000000000000000    
   16.50000000000000       1.000000000000000    
   15.81031197927516      0.5008205077718150    
   16.75000000000000      0.4721679687500000    
   16.28282471251337      0.5740176132434951    
   11.32812500000000      0.4775390625000000    
   11.78681758159995      0.5809087907999737    
   11.50000000000000       1.000000000000000    
   4.687500000000000       0.000000000000000    
   6.187500000000000      0.6562500000000000    
   5.468750000000000       0.000000000000000    
   5.859375000000000      0.2938988095238095    
   5.378658505982494      0.5262838271902353    
   5.062500000000000       1.000000000000000    
   5.078125000000000       0.000000000000000    
   4.882812500000000      0.4604843724176821    
   3.375000000000000       1.000000000000000    
   3.906250000000000       0.000000000000000    
   3.937500000000000       1.000000000000000    
   4.296875000000000      0.4373446143323346    
   3.135494289921673      0.5286264275195817    
   2.812500000000000       1.000000000000000    
   2.343750000000000       0.000000000000000    
   2.584144256573169      0.4971784734813272    
   3.515625000000000      0.2566626939794044    
   3.656250000000000      0.6682366304959200    
   1.953125000000000      0.4677734375000000    
   1.687500000000000       1.000000000000000    
   1.406250000000000      0.5273437500000000    
  0.7812500000000000       0.000000000000000    
   1.171875000000000       0.000000000000000    
  0.9765625000000000      0.4025607638888889    
  0.3906250000000000      0.4381823361223420    
  0.5625000000000000       1.000000000000000    
   8.593750000000000       0.000000000000000    
   8.984375000000000      0.4238281250000000    
   9.500000000000000       1.000000000000000    
   7.875000000000000       1.000000000000000    
   8.437500000000000       1.000000000000000    
   10.15625000000000       0.000000000000000    
   9.485720796642818      0.4939724004196477    
   8.156250000000000      0.4804687500000000    
   8.579550016431901      0.5872072984353625    
   10.50000000000000       1.000000000000000    
   10.54687500000000       0.000000000000000    
   10.35156250000000      0.4919433593750000    
   9.918375029486516      0.3791850674844167    
   10.83975157661615      0.4784921679648035    
   7.031250000000000       0.000000000000000    
   6.640625000000000      0.3683035714285715    
   7.312500000000000       1.000000000000000    
   7.679424112136243      0.4584106199756957    
   7.141730832241153      0.5084780471821757    
   18.50000000000000       1.000000000000000    
   18.35937500000000      0.2742929558186905    
   18.76379870129870      0.5278003246753247    
   19.53125000000000       0.000000000000000    
   20.00000000000000       1.000000000000000    
   19.14062500000000       0.000000000000000    
   19.50000000000000       1.000000000000000    
   19.89856978535784      0.4376821318635109    
   19.33593750000000      0.4943847656250000    
   20.50000000000000      0.6195037432047155    
   17.96875000000000       0.000000000000000    
   17.17832984375920      0.5924161952864608    
   17.50000000000000       1.000000000000000    
   17.75000000000000      0.5073242187500000    
   21.09375000000000       0.000000000000000    
   20.98979137515584      0.4946484101708605    
   22.00000000000000       1.000000000000000    
   21.50000000000000       1.000000000000000    
   21.75000000000000      0.5234375000000000    
   22.65625000000000       0.000000000000000    
   21.48437500000000       0.000000000000000    
   22.50000000000000       1.000000000000000    
   22.75000000000000      0.5268554687500000    
   22.24986354601760      0.5650690209415896    
   23.04687500000000       0.000000000000000    
   24.00000000000000       1.000000000000000    
   23.24218750000000      0.4571256027716636    
   24.21875000000000       0.000000000000000    
   23.50000000000000       1.000000000000000    
   23.82812500000000      0.4371869323957536    
   22.26562500000000       0.000000000000000    
   24.60937500000000      0.5000000000000000    
   24.50000000000000       1.000000000000000    
   24.20581323939185      0.6294969948838249    
  0.9765625000000000      0.1538999911088649    
   1.232821240837191      0.2782303774988769    
  0.7203037591628088      0.2782303774988769    
   1.367187500000000       0.000000000000000    
   1.464843750000000      0.2187213446127068    
   1.953125000000000       0.000000000000000    
  0.6976280787040312      0.6512215366689129    
  0.3906250000000000       0.000000000000000    
  0.5859375000000000       0.000000000000000    
  0.4882812500000000      0.2187213446127068    
   0.000000000000000      0.5000000000000000    
  0.1953125000000000      0.2183663020603830    
   1.678151204585379      0.4834548981403636    
   1.830661668389468      0.7390518082948352    
   1.743916996741106      0.2121621396704286    
   1.556114227157636      0.7581741530549602    
   1.406250000000000       1.000000000000000    
   1.265625000000000      0.7636718750000000    
  0.9732602365101194      0.7497056650101536    
   1.167993341509083      0.5455740983566446    
  0.8437500000000000       1.000000000000000    
   2.137057962815309      0.7140874147209100    
   1.968750000000000       1.000000000000000    
   2.271457737502946      0.4218932621022022    
   2.531250000000000       1.000000000000000    
   2.081888374362278      0.2338867187500000    
   2.734375000000000       0.000000000000000    
   2.711976824976202      0.7423879739677387    
   2.860025803367604      0.5092815348595957    
   3.093750000000000       1.000000000000000    
   2.732288166748488      0.2706560240407754    
   3.260357139797873      0.7617168167333287    
   2.539062500000000      0.1338301433349852    
   2.929687500000000      0.1368419707707908    
   3.164120751036731      0.2636407550548392    
   3.414434933544162      0.5291910441172446    
   3.656250000000000       1.000000000000000    
   3.479130689599933      0.8031805272234369    
   2.459427017579605      0.3281816470354428    
   2.382003886468240      0.6497477145173628    
   2.290045997712137      0.2034071750911866    
   2.518193151142030      0.7986398606910861    
   5.273437500000000      0.2374186145334356    
   5.565180505995159      0.2783748398316298    
   5.697202486240516      0.5718279567479185    
   5.136367417634763      0.4509435903548352    
   5.180471988035000      0.7363742968333745    
   5.001440596635404      0.2391373063069927    
   5.343750000000000       1.000000000000000    
   4.781250000000000       1.000000000000000    
   5.484375000000000      0.7722184598597730    
   5.955720350806756      0.5363952729225212    
   6.176174770843914      0.3084198280354611    
   6.187500000000000       1.000000000000000    
   5.765625000000000      0.8035397791165675    
   4.640625000000000      0.6942104268458393    
   6.640625000000000       0.000000000000000    
   6.390713621292684      0.4755339765857187    
   6.632828649701253      0.6949705442465777    
   5.906250000000000       1.000000000000000    
   5.996455125243734      0.7868723751994184    
   4.909372693859590      0.7303467715502490    
   4.338268545648904      0.7403939847042995    
   4.591727982791641      0.4012025576114662    
   4.296875000000000       0.000000000000000    
   4.419712481889348      0.2186723071661673    
   6.425585206021172      0.2050746732675875    
   6.863579615165827      0.5370512073130740    
   6.902172065126387      0.2544005669089388    
   7.031250000000000       1.000000000000000    
   6.468750000000000       1.000000000000000    
   6.402171032746396      0.7675418822984034    
   4.218750000000000       1.000000000000000    
   4.004955751264980      0.6315695550678263    
   4.078125000000000      0.8353565201286487    
   7.286085958613253      0.7337509245224086    
   7.411600687182835      0.4944330313597773    
   7.593750000000000      0.8376629667163422    
   7.421875000000000       0.000000000000000    
   6.890625000000000      0.7890936860071158    
   3.803089957787708      0.3882538454790588    
   3.845627567703093      0.7927886781424797    
   7.861367924874144      0.6988153884573607    
   7.090652369817943      0.3166641528333373    
   7.514958667352536      0.2492575432902525    
   7.288335950728726      0.1918788487483909    
   7.753062336743227      0.2312665103914764    
   8.203125000000000       0.000000000000000    
   7.920537304051077      0.4110690007772465    
   3.515625000000000       0.000000000000000    
   3.710937500000000      0.1283313469897022    
   3.320312500000000      0.1057411201508717    
   4.052581066593524      0.3866610420763594    
   4.190749410616219      0.2034528888436916    
   8.156250000000000      0.8363693857800787    
   8.101163729742080      0.2325735193650810    
   8.398437500000000      0.2242627708041437    
   8.059735172361785      0.6584190678900392    
   8.392570902745359      0.7537015808792352    
   8.702389929158326      0.2917966162711277    
   8.387421467131425      0.4564205026116101    
   8.984375000000000       0.000000000000000    
   8.911695207826993      0.2119140625000000    
   9.179687500000000      0.1854064448723061    
   9.424952348703687      0.2481983804074407    
   9.765625000000000       0.000000000000000    
   9.670553921952322      0.3178721814477909    
   9.238679759398392      0.4329420747601621    
   9.290746811715820      0.7526894879490381    
   9.550169957225272      0.7453690258766900    
   9.740125393521431      0.5681622513133600    
   9.750000000000000       1.000000000000000    
   10.04605494183957      0.6781711731982736    
   9.250000000000000       1.000000000000000    
   9.835974629812201      0.7820022903398984    
   10.12680361231480      0.4669325648612065    
   10.26568309590896      0.2412960088551599    
   10.54720467222190      0.2848742790808112    
   10.74218750000000      0.1422113039045564    
   10.97513874701912      0.2569193206254289    
   11.32812500000000       0.000000000000000    
   11.08393346668731      0.4755450057048120    
   11.25000000000000       1.000000000000000    
   11.13281250000000       0.000000000000000    
   11.23046875000000      0.2367751173259586    
   11.52343750000000      0.2190816610645173    
   11.81574844446812      0.2830765561086128    
   10.25000000000000       1.000000000000000    
   10.37500000000000      0.7608082966985523    
   10.59898028167093      0.6058294670654323    
   10.83705776585815      0.7646943260031905    
   10.75000000000000       1.000000000000000    
   11.48440474060611      0.7156289063029424    
   11.20399177362539      0.7260486749696842    
   11.57314547036550      0.4596713602689709    
   12.10937500000000       0.000000000000000    
   12.00288345444889      0.4515757609961088    
   12.07737422275797      0.7261871113789848    
   12.04015178041806      0.2220200453941068    
   12.30468750000000      0.1826976359077932    
   12.35570981611517      0.7596450919424147    
   12.59941292604446      0.3020251808686770    
   12.69875018322111      0.7171983275487075    
   12.25000000000000       1.000000000000000    
   12.89062500000000       0.000000000000000    
   12.40319074523181      0.3630387211206433    
   12.56278361479370      0.5302600083459430    
   12.99289340824271      0.7057186443096177    
   13.21022785132660      0.4682365381105316    
   13.50000000000000       1.000000000000000    
   13.25000000000000      0.8467362711096679    
   12.75000000000000       1.000000000000000    
   12.69531250000000       0.000000000000000    
   12.79296875000000      0.1972456789184251    
   13.07653937641834      0.2148437500000000    
   13.48254381147981      0.2750267416856691    
   13.30106905677326      0.6500305525245911    
   13.70433459739410      0.2250276375618665    
   13.47656250000000       0.000000000000000    
   14.19137868217830      0.3071573603592432    
   14.05805021203795      0.4672937096549431    
   13.87521246265255      0.7168855424056594    
   13.99688260274247      0.2081485626233475    
   14.45312500000000       0.000000000000000    
   14.40744142405954      0.4846377988806008    
   14.52983336441722      0.7286491372793754    
   14.42590333968372      0.2419060380593009    
   14.75000000000000       1.000000000000000    
   14.98274937074062      0.5170745475568496    
   14.84408716279122      0.2771294616220380    
   14.64472146795108      0.1440449741059509    
   15.16392848241098      0.7523734620244825    
   14.82522848384751      0.7387065680983894    
   15.23437500000000       0.000000000000000    
   15.45372867646250      0.7109315896217069    
   15.25000000000000       1.000000000000000    
   15.03906250000000      0.1383273137284027    
   15.54491292947925      0.4580445133788548    
   15.75000000000000      0.8117448342299598    
   15.10900699123266      0.3422868521909285    
   15.33683359335927      0.2316295315627858    
   15.71432683390911      0.2516420972864549    
   16.01562500000000       0.000000000000000    
   15.99822184450766      0.2853601481966996    
   16.21093750000000      0.1551222064005663    
   16.48711825409115      0.3023391540956124    
   16.04932824513386      0.5196029525514375    
   16.11429560050438      0.7690050372444873    
   16.35416249870480      0.8059996118150416    
   16.53808047006575      0.6224825075577030    
   16.75000000000000       1.000000000000000    
   13.75000000000000       1.000000000000000    
   13.71902409787998      0.5539468646069939    
   14.25781250000000       0.000000000000000    
   16.79687500000000       0.000000000000000    
   16.27961363053875      0.3589526366537756    
   16.94761133747000      0.5912567289660181    
   17.00610483769703      0.2706961194076183    
   16.87500000000000      0.8082922961052099    
   13.65161234931992      0.7872403302914782    
   16.71966737017453      0.2307458949610959    
   16.99218750000000       0.000000000000000    
   17.57812500000000       0.000000000000000    
   17.16424453605275      0.3929981527912482    
   17.45269772331872      0.4728305675625399    
   17.37071061675474      0.2080285356620661    
   17.63454016373650      0.2636639018338583    
   17.77343750000000       0.000000000000000    
   17.87109375000000      0.2198623101871824    
   18.12058702378592      0.1990606012430533    
   18.35937500000000       0.000000000000000    
   18.12965572763942      0.5868499387455881    
   18.55468750000000      0.1371464779093452    
   18.78891265851540      0.2630632131124064    
   18.57696313798019      0.3765166431009009    
   18.48459340080982      0.6816063356116669    
   18.94531250000000      0.1055187291228392    
   19.16388998989296      0.2765815226078748    
   19.33593750000000      0.1228402951237828    
   19.58906349851604      0.3086125303743914    
   19.05167757296619      0.5420742000158137    
   18.97341935141156      0.3525377547502881    
   19.25000000000000       1.000000000000000    
   18.89675391229489      0.7564696897311263    
   18.75000000000000       1.000000000000000    
   18.67770264339584      0.7904499802482353    
   17.57378254451519      0.7276726770576357    
   17.84878732608391      0.7669632878140848    
   17.32590487074693      0.8066730932350072    
   17.75000000000000       1.000000000000000    
   17.96466478035638      0.4285156578216944    
   18.25000000000000      0.8525275472950220    
   19.92187500000000       0.000000000000000    
   19.14576489321660      0.7732345451554764    
   19.81038203158830      0.2135248766798420    
   20.10014215068651      0.2289537033983760    
   20.19979980207479      0.5268897182842521    
   19.41060680973236      0.7495811920157122    
   19.75000000000000       1.000000000000000    
   20.43374161171889      0.3014312161521966    
   20.50000000000000       1.000000000000000    
   19.87500000000000      0.7322404847232346    
   20.13010986350460      0.7762028666403884    
   19.64455111848095      0.7877155209899757    
   20.25000000000000       1.000000000000000    
   20.35762230200371      0.7983340864823076    
   20.70312500000000       0.000000000000000    
   20.70749125364008      0.4103433045251832    
   20.63026137499404      0.2059701864404924    
   20.89843750000000      0.1849665244909320    
   19.57379590099139      0.5531454194130886    
   21.28906250000000      0.2992967096482945    
   21.07660056963224      0.3007250342689908    
   21.67968750000000      0.2300023320895522    
   22.00396369485295      0.3074414233977173    
   21.51284201743292      0.4251232717920248    
   21.53240054317891      0.7131419857659851    
   21.80037265300363      0.8008675221948154    
   21.25000000000000      0.8265037367287502    
   21.99341248129093      0.6225294368369356    
   21.28736533294250      0.5642216089613923    
   21.47408864282984      0.2066634560371858    
   22.07031250000000       0.000000000000000    
   21.00964195074373      0.7470263153161235    
   20.75000000000000      0.8638007984611974    
   20.72703814428005      0.6372321170851740    
   22.85156250000000      0.2370143886845459    
   23.10386020471170      0.2459400024979727    
   23.35250459141653      0.2339723006004282    
   23.82812500000000       0.000000000000000    
   23.51973204881596      0.4554867244901548    
   22.99290869384932      0.4695088515905368    
   23.13094278636051      0.7329566602705732    
   23.62643062812117      0.2010574083967833    
   23.69101649756176      0.7343078853523578    
   22.86552311768017      0.7684351273035390    
   22.75000000000000       1.000000000000000    
   22.59679945409670      0.7485271363332167    
   22.25000000000000       1.000000000000000    
   22.49766044899838      0.5162353058080631    
   22.32325446002170      0.2843617842368602    
   22.16393207915852      0.7825614917650153    
   22.46093750000000      0.1084380437077582    
   22.38393632966259      0.8109566695466168    
   23.25000000000000       1.000000000000000    
   23.41097757842317      0.7344875954223320    
   23.94638988413864      0.6719563807450196    
   23.75000000000000       1.000000000000000    
   14.25000000000000       1.000000000000000    
  0.6040504819641308      0.4583477122772289    
  0.4087071385299788      0.7398499319849760    
  0.2812500000000000       1.000000000000000    
  0.2160329181927940      0.6000232164248659    
   0.000000000000000      0.7500000000000000    
   4.760723649368243      0.2295116534466297    
   9.960937500000000      0.1416800341795350    
   9.005207609724106      0.7115609747786683    
   8.718750000000000       1.000000000000000    
   8.812385754215612      0.5809011880992260    
   8.608056904790010      0.8074608693186461    
   18.34230631792921      0.5024446353680854    
   21.28906250000000       0.000000000000000    
   24.02343750000000      0.2185934661978768    
   24.34177496938473      0.3064746332931837    
   24.06035594033501      0.4481322159647090    
   24.60937500000000       0.000000000000000    
   24.39258912183200      0.5179872319675786    
   24.52035579771753      0.7424899401257110    
   25.00000000000000      0.5000000000000000    
   24.75000000000000       1.000000000000000    
   24.80468750000000      0.7092847960541093    
   24.58639450825152      0.2500000000000000    
   24.41406250000000       0.000000000000000    
   22.61429797626679      0.3001797479771601    
   14.32424244018222      0.7965973319634051    
   5.859375000000000       0.000000000000000    
   5.664062500000000       0.000000000000000    
   6.054687500000000      0.1162943626277296    
   11.75000000000000      0.8634032718532125    
   24.25000000000000       1.000000000000000    
   24.32081220706944      0.8036684336050608    
   2.982858069591004      0.7526443420100325    
   25.00000000000000      0.2500000000000000    
   24.79319725412576      0.3570464908214996    
